# loglike
7.299450892471202224e+02
7.325100250754811668e+02
7.329219931795316825e+02
7.330836714831519885e+02
7.332474357852338471e+02
7.340267552873285695e+02
7.340465699964918258e+02
7.340728940459875957e+02
7.342756358131509842e+02
7.345282613006618249e+02
7.347065399716343563e+02
7.348896939418705188e+02
7.350887048842860167e+02
7.352122136155577437e+02
7.353892733348716320e+02
7.355727572970482697e+02
7.355752083392605982e+02
7.355947139586007779e+02
7.356347115936100636e+02
7.357328146057012646e+02
7.358084406895231950e+02
7.358137374887663782e+02
7.358189284395614322e+02
7.358910818680017201e+02
7.360150068142801274e+02
7.360167468455051676e+02
7.360313252419781520e+02
7.360678361480180456e+02
7.360924040253428302e+02
7.361523047113568055e+02
7.361803000911083927e+02
7.362581539437796891e+02
7.362631135896883734e+02
7.362778301092990887e+02
7.363063170282284773e+02
7.363254247375624573e+02
7.363283816153602857e+02
7.363354569547728943e+02
7.364343082926418447e+02
7.364509337058134406e+02
7.365536553023816850e+02
7.365831967202728947e+02
7.365834592843000337e+02
7.365997974566596440e+02
7.366065571308250810e+02
7.366265322750409723e+02
7.366596636108414486e+02
7.367320408859977761e+02
7.367862959330067270e+02
7.368392152785303324e+02
7.368399450773645185e+02
7.368812515359352346e+02
7.368847097981133629e+02
7.369976998875073377e+02
7.369989342272763224e+02
7.370009829656611373e+02
7.370442150019363226e+02
7.370825502887835228e+02
7.371105434817411606e+02
7.371179024577321570e+02
7.371464521157525951e+02
7.371823455809069401e+02
7.371878793640061076e+02
7.372222321554670543e+02
7.372923963771121407e+02
7.372958636191485766e+02
7.373385200495841900e+02
7.373936550951148092e+02
7.374141790408386896e+02
7.374347223897998447e+02
7.374412271818209774e+02
7.374524515069286963e+02
7.374548872662035137e+02
7.374756705069349891e+02
7.375268810592766613e+02
7.375541281590018343e+02
7.375702894799011347e+02
7.376118124009393568e+02
7.376223012765219664e+02
7.376701664860319170e+02
7.376728790515322771e+02
7.376783640336607277e+02
7.376929587332931533e+02
7.376937364957868795e+02
7.377028844956423654e+02
7.377148573047057880e+02
7.377229888872313950e+02
7.377334956416079876e+02
7.377411954526786531e+02
7.377439842055580357e+02
7.377571826129552619e+02
7.377666450520342778e+02
7.378188026583000010e+02
7.378399761733514879e+02
7.378468562682027141e+02
7.378552918495884114e+02
7.378712679299871979e+02
7.378842111596682116e+02
7.378865262012059247e+02
7.378998304284356209e+02
7.378999541111141980e+02
7.379069481242750044e+02
7.379375220687074943e+02
7.379615111721778931e+02
7.379647421332680324e+02
7.379655347870810829e+02
7.379746050730349225e+02
7.380014027010146265e+02
7.380027943861952053e+02
7.380049120829404501e+02
7.380052578016868665e+02
7.380066263970476257e+02
7.380290404134049140e+02
7.380556269238701361e+02
7.380665927500313046e+02
7.380967422298223255e+02
7.380974918624629026e+02
7.381084015429373721e+02
7.381173540561388791e+02
7.381292549384537551e+02
7.381294648697884213e+02
7.381375853679734291e+02
7.381551576232200205e+02
7.381719462548205684e+02
7.381771110145326702e+02
7.381818313576296759e+02
7.381969714429933447e+02
7.382362346208240069e+02
7.382511445954298779e+02
7.382580002912206965e+02
7.382604400335890205e+02
7.382754455369022253e+02
7.382763990231077287e+02
7.382827224084146565e+02
7.382844161924414266e+02
7.382855931070166662e+02
7.382951184297374994e+02
7.382960924627489021e+02
7.383111961312255289e+02
7.383228894320614017e+02
7.383255453853998915e+02
7.383308640891056029e+02
7.383585886564561633e+02
7.383611285684332870e+02
7.383733809003542774e+02
7.383888407279077910e+02
7.384033653789614391e+02
7.384115738458342548e+02
7.384236294802021803e+02
7.384325775777840590e+02
7.384669429683310682e+02
7.384741470478566043e+02
7.384789188688330341e+02
7.384861586612480551e+02
7.384927519615030178e+02
7.384996526622950341e+02
7.385010202563307757e+02
7.385041509012678489e+02
7.385077697213918100e+02
7.385082765164504508e+02
7.385083437881245345e+02
7.385120322071769579e+02
7.385144003241148312e+02
7.385190029553579052e+02
7.385303427686176292e+02
7.385358371396854409e+02
7.385528901708264584e+02
7.385573988246367207e+02
7.385624939243112976e+02
7.385635524708262665e+02
7.385713924023070831e+02
7.385832836006114803e+02
7.385887367150344289e+02
7.385948731383975883e+02
7.385951291576640187e+02
7.386107183519892487e+02
7.386299983611866082e+02
7.386443669059623289e+02
7.386549326841821994e+02
7.386560141364201399e+02
7.386598346613709509e+02
7.386610021131732537e+02
7.386643809402304441e+02
7.386895730498408739e+02
7.386960406768270104e+02
7.387090248052784318e+02
7.387156363308300797e+02
7.387189483783297419e+02
7.387261624982020294e+02
7.387282276836913297e+02
7.387372158468565431e+02
7.387411152163424504e+02
7.387446973311485863e+02
7.387498115427387120e+02
7.387521638749246904e+02
7.387537007577833492e+02
7.387565200340911815e+02
7.387582809278885634e+02
7.387623025976445206e+02
7.387754898109362784e+02
7.387876231728033645e+02
7.387960595756875364e+02
7.387968484875797230e+02
7.387983313620476338e+02
7.388146945682990463e+02
7.388164678215941876e+02
7.388171761542479317e+02
7.388229004960792281e+02
7.388345019949249490e+02
7.388358114708964877e+02
7.388365501941896127e+02
7.388430242466555455e+02
7.388439412488507969e+02
7.388458679906185580e+02
7.388543897249094243e+02
7.388566475383772740e+02
7.388858901222394024e+02
7.388982278662543877e+02
7.389113650550223156e+02
7.389146435322444404e+02
7.389213354371740934e+02
7.389243353188123820e+02
7.389366713723375142e+02
7.389376819650825610e+02
7.389378736344997378e+02
7.389462910169469296e+02
7.389484422039273568e+02
7.389485037039586359e+02
7.389684821790181104e+02
7.389857684989021891e+02
7.389927392811719074e+02
7.389929075299625083e+02
7.389965193668962229e+02
7.390023435727823653e+02
7.390086024605274133e+02
7.390105555563746975e+02
7.390354425629857360e+02
7.390363999511200745e+02
7.390398949248080953e+02
7.390485105665744641e+02
7.390494696959947305e+02
7.390524339103067177e+02
7.390549680670534372e+02
7.390608281078623349e+02
7.390697430733824831e+02
7.390726266165989955e+02
7.390908709523207563e+02
7.390915798653358024e+02
7.390994246649408979e+02
7.391119486564838326e+02
7.391149711913727742e+02
7.391325003087146115e+02
7.391369680935881661e+02
7.391425387472251032e+02
7.391459157545029939e+02
7.391467461822288669e+02
7.391510866474600334e+02
7.391547341075010991e+02
7.391555102262740320e+02
7.391712909771937348e+02
7.391717874225494143e+02
7.391727250467214390e+02
7.391754459851958927e+02
7.391903230773693849e+02
7.391908641814283101e+02
7.391969159707812196e+02
7.391986491390164247e+02
7.392034074200375926e+02
7.392069316434564143e+02
7.392154542080103283e+02
7.392190238694889786e+02
7.392224161943465788e+02
7.392283961665793868e+02
7.392284444402326926e+02
7.392287879054141513e+02
7.392292982125719618e+02
7.392293037783985028e+02
7.392300891175574407e+02
7.392342972197475319e+02
7.392355478495005627e+02
7.392465158022306468e+02
7.392486146808715830e+02
7.392580144552759975e+02
7.392586629576029509e+02
7.392588224684041052e+02
7.392643545034073895e+02
7.392671564176921493e+02
7.392730476381655080e+02
7.392880745770160047e+02
7.392893377907303147e+02
7.392902763986505761e+02
7.392966200821697385e+02
7.393034496409688927e+02
7.393045511316125840e+02
7.393172581003099140e+02
7.393199246908970963e+02
7.393210220898160969e+02
7.393212246475043230e+02
7.393309814584349624e+02
7.393391467064586777e+02
7.393436503782312457e+02
7.393475290241534594e+02
7.393552251521125527e+02
7.393558241606176580e+02
7.393702627145786437e+02
7.393716136058217216e+02
7.393736771901897100e+02
7.393785230194590667e+02
7.393824216174813273e+02
7.393875677138314586e+02
7.393877228176168046e+02
7.394036035511197724e+02
7.394050360557763497e+02
7.394229754181625367e+02
7.394256339583166664e+02
7.394320924358206639e+02
7.394404842827932498e+02
7.394550772194562569e+02
7.394577945152764187e+02
7.394616527672314987e+02
7.394618742254527888e+02
7.394642887036762886e+02
7.394645532493682367e+02
7.394659582224593350e+02
7.394711546652983998e+02
7.394719633172117028e+02
7.394817500544595532e+02
7.394839533277666987e+02
7.394863625113150647e+02
7.394865406057760993e+02
7.394865493790360915e+02
7.394908382616383733e+02
7.395020820813044793e+02
7.395045619584000178e+02
7.395060209798496089e+02
7.395100576058212027e+02
7.395124004726363864e+02
7.395124316025754752e+02
7.395155533882666532e+02
7.395161638801972686e+02
7.395167264013078920e+02
7.395277758336628722e+02
7.395386793946787520e+02
7.395387600309263689e+02
7.395502837962890226e+02
7.395533414722143561e+02
7.395560189899493935e+02
7.395563289087301655e+02
7.395563957083270452e+02
7.395594611818123667e+02
7.395595027675432220e+02
7.395680007666710480e+02
7.395690225235235857e+02
7.395803915094930971e+02
7.395863382373254353e+02
7.395881256354381321e+02
7.395917786036127382e+02
7.395932387808645672e+02
7.395939530708907341e+02
7.395980756624551304e+02
7.396030236296846851e+02
7.396046811249357233e+02
7.396064559322339846e+02
7.396090825148135082e+02
7.396138071519346795e+02
7.396188476086846322e+02
7.396209778508539330e+02
7.396210992143373915e+02
7.396212673615447102e+02
7.396255760717601788e+02
7.396260112378744225e+02
7.396261513010857698e+02
7.396304124797436543e+02
7.396345244408931876e+02
7.396371892610587793e+02
7.396374364095602232e+02
7.396376007721439692e+02
7.396442691358063257e+02
7.396444827916999429e+02
7.396447376335686386e+02
7.396498599742360511e+02
7.396537274576367054e+02
7.396621643626191371e+02
7.396661097085983556e+02
7.396723307383460906e+02
7.396748395140130015e+02
7.396852909399925693e+02
7.396888644903325485e+02
7.396981944722995195e+02
7.396994030237649440e+02
7.397097872985391405e+02
7.397108590446985090e+02
7.397130691207114523e+02
7.397175722464542105e+02
7.397188727459152915e+02
7.397188923027407554e+02
7.397189579362732275e+02
7.397250063469932684e+02
7.397263755930332536e+02
7.397308570969404400e+02
7.397328651941816133e+02
7.397398762012868474e+02
7.397405025060344315e+02
7.397415400678236210e+02
7.397440335841139358e+02
7.397486211329701291e+02
7.397496745527128041e+02
7.397504064626451736e+02
7.397530380356639625e+02
7.397534251026866059e+02
7.397546976728950767e+02
7.397579417935975243e+02
7.397589886927546559e+02
7.397597352681017355e+02
7.397618786776807838e+02
7.397622553700850858e+02
7.397669964424770797e+02
7.397734479663608909e+02
7.397753456146796225e+02
7.397760029475690544e+02
7.397783850190796784e+02
7.397795543567954155e+02
7.397853448678608856e+02
7.397911914126522106e+02
7.397933133218358535e+02
7.397941667559048255e+02
7.397950359272473406e+02
7.398071074527747442e+02
7.398122905700204228e+02
7.398147726397494353e+02
7.398158991353170677e+02
7.398173558191243728e+02
7.398226588997475801e+02
7.398264935282176111e+02
7.398294918628980668e+02
7.398313218903859934e+02
7.398320649201409651e+02
7.398336632606587955e+02
7.398361943817681095e+02
7.398409975217142573e+02
7.398421400074502117e+02
7.398445352187620756e+02
7.398458663622495806e+02
7.398508031444359858e+02
7.398598850001313849e+02
7.398612039548333996e+02
7.398638740157862230e+02
7.398716664340433908e+02
7.398788163756836411e+02
7.398797983529232170e+02
7.398899745181448679e+02
7.398909487700744876e+02
7.398925069053824473e+02
7.398932912925453138e+02
7.398952353496299565e+02
7.398997318318026828e+02
7.399104807692594932e+02
7.399127003459619800e+02
7.399130612973231109e+02
7.399166812918504093e+02
7.399255531416005169e+02
7.399258482273210120e+02
7.399283389585832538e+02
7.399295657019337114e+02
7.399396270643484286e+02
7.399408417405634282e+02
7.399415017467849793e+02
7.399422556513562768e+02
7.399448668307226171e+02
7.399515779253773644e+02
7.399564296876219487e+02
7.399593435729728981e+02
7.399611911166273330e+02
7.399644198203517362e+02
7.399679986305548027e+02
7.399695404777785370e+02
7.399709383249593202e+02
7.399720760009303149e+02
7.399725769047412314e+02
7.399802261485407371e+02
7.399899579828571632e+02
7.399911382989882895e+02
7.399950389306947045e+02
7.399954434786150159e+02
7.399960179325363470e+02
7.399996922743904406e+02
7.400000210653955719e+02
7.400015243703356873e+02
7.400026262602641509e+02
7.400055611609967627e+02
7.400129865192409397e+02
7.400167511777008258e+02
7.400176864759212094e+02
7.400236189422054167e+02
7.400248541873449994e+02
7.400304036316784959e+02
7.400315701272681963e+02
7.400328378039423569e+02
7.400331741850869776e+02
7.400341496278971363e+02
7.400343440310402912e+02
7.400348640973321608e+02
7.400403744428011805e+02
7.400408336915584186e+02
7.400422015846108934e+02
7.400434626587439197e+02
7.400468829208466559e+02
7.400481600417498385e+02
7.400504238245619035e+02
7.400538142523746501e+02
7.400669450603506903e+02
7.400759386171999950e+02
7.400774881633005862e+02
7.400881423522664591e+02
7.400891217480207160e+02
7.400906768811883012e+02
7.400936917291217014e+02
7.400941714514863179e+02
7.400945281534342257e+02
7.400950792021701545e+02
7.401011992102002068e+02
7.401017795444577132e+02
7.401022198079818963e+02
7.401078401201544921e+02
7.401093290106122140e+02
7.401093614051442273e+02
7.401101114933272811e+02
7.401128497647131326e+02
7.401132738492693761e+02
7.401154801138425228e+02
7.401204129852329743e+02
7.401222243929832985e+02
7.401226538221351348e+02
7.401228009169090001e+02
7.401243360974621055e+02
7.401261601111496020e+02
7.401328689457234304e+02
7.401388423714920464e+02
7.401408373550302713e+02
7.401422406260078333e+02
7.401438431313110868e+02
7.401448035552552938e+02
7.401489915415688756e+02
7.401513594083598946e+02
7.401553107468834014e+02
7.401560699890579826e+02
7.401595312058591389e+02
7.401596304207874937e+02
7.401600680114432862e+02
7.401697333516036679e+02
7.401737317197812445e+02
7.401750130988908722e+02
7.401752810380362462e+02
7.401813854044771688e+02
7.401843797511241974e+02
7.401868308796434803e+02
7.401879975272898946e+02
7.401894895376943850e+02
7.401936697225332864e+02
7.401960017493169062e+02
7.402009281343066505e+02
7.402023694248347283e+02
7.402046549750693885e+02
7.402058058275910071e+02
7.402085736309057893e+02
7.402158593232492194e+02
7.402166138774632600e+02
7.402169363455018356e+02
7.402178391036118228e+02
7.402195258203304320e+02
7.402235239267109819e+02
7.402244000631926610e+02
7.402284069826578161e+02
7.402287431407966096e+02
7.402311866587524491e+02
7.402343802219133977e+02
7.402379402523903309e+02
7.402400015471928327e+02
7.402468089137761353e+02
7.402491149326640425e+02
7.402507006311694795e+02
7.402540551478596171e+02
7.402552744724108607e+02
7.402582122784308467e+02
7.402608391416592895e+02
7.402608521017896237e+02
7.402611376582253797e+02
7.402612721796867845e+02
7.402618172209769227e+02
7.402620546699147326e+02
7.402645635715820163e+02
7.402671432860050800e+02
7.402681930379890218e+02
7.402683600137881967e+02
7.402726708457144014e+02
7.402754672440753438e+02
7.402756948372865509e+02
7.402761682073952443e+02
7.402775018346296747e+02
7.402797288352487612e+02
7.402816845220702362e+02
7.402820137727546808e+02
7.402829427034563423e+02
7.402856514321706527e+02
7.402944083689275203e+02
7.402978748878304032e+02
7.403060239444952231e+02
7.403123621954538294e+02
7.403173941955809596e+02
7.403179936542212545e+02
7.403186029740352296e+02
7.403224732178279055e+02
7.403306809988440591e+02
7.403346607802382096e+02
7.403355767575045547e+02
7.403360643438762736e+02
7.403513438148642081e+02
7.403538570919946551e+02
7.403540557305434504e+02
7.403554558888912425e+02
7.403589655815429751e+02
7.403618813818052331e+02
7.403626378177530114e+02
7.403649265086604601e+02
7.403667451839014575e+02
7.403668904030406566e+02
7.403720502973981183e+02
7.403731462342933582e+02
7.403751563681299785e+02
7.403753623516356583e+02
7.403822551878888589e+02
7.403834921719694648e+02
7.403841779484212111e+02
7.403876376721314045e+02
7.403901290342164430e+02
7.403918450808653233e+02
7.403936507966128602e+02
7.403952514802830365e+02
7.403964535946871592e+02
7.403994049837002649e+02
7.404016828533220860e+02
7.404043715793897036e+02
7.404120580468634216e+02
7.404130977029983569e+02
7.404137160576792667e+02
7.404137777191183432e+02
7.404140159366655780e+02
7.404174719332042969e+02
7.404255195226966180e+02
7.404291168537334897e+02
7.404315035383103805e+02
7.404325030535165979e+02
7.404339705436161694e+02
7.404361242743481171e+02
7.404373054457344097e+02
7.404405323343468126e+02
7.404465706897244672e+02
7.404469489910258062e+02
7.404500429322663422e+02
7.404512276132447823e+02
7.404524920729453470e+02
7.404532600975372816e+02
7.404575692560378002e+02
7.404584141024166684e+02
7.404653834041499749e+02
7.404674487665356537e+02
7.404706536361888993e+02
7.404726385240586524e+02
7.404756865363222005e+02
7.404772784396665202e+02
7.404785192984021478e+02
7.404804631896195133e+02
7.404814422069780449e+02
7.404824260675352434e+02
7.404827749838949558e+02
7.404828678482484747e+02
7.404863268961404401e+02
7.404865438318815904e+02
7.404891968936224202e+02
7.404895215307180933e+02
7.404913408280986005e+02
7.404923041710189864e+02
7.404991015757834703e+02
7.404998442099270051e+02
7.405014239297605627e+02
7.405035615526053334e+02
7.405066218111611533e+02
7.405127642524124667e+02
7.405149534238325941e+02
7.405167860378268188e+02
7.405226287111398733e+02
7.405230666753266178e+02
7.405245747446105042e+02
7.405252212685570612e+02
7.405257725837598173e+02
7.405298457829919698e+02
7.405299781122452032e+02
7.405368992000012440e+02
7.405391793927739172e+02
7.405430397612819888e+02
7.405453740563751808e+02
7.405454403512374029e+02
7.405493716492945850e+02
7.405496161134338990e+02
7.405496279985859474e+02
7.405510627519287254e+02
7.405546215471598543e+02
7.405547718620765636e+02
7.405557506641566761e+02
7.405608083632650960e+02
7.405618934762393337e+02
7.405635212545475952e+02
7.405637463522002690e+02
7.405640511506795747e+02
7.405644906411324655e+02
7.405654401156276663e+02
7.405685114020894844e+02
7.405692954131903889e+02
7.405793745852832899e+02
7.405865377554857787e+02
7.405866585399666064e+02
7.405878648361696150e+02
7.405891380183270485e+02
7.405893958513428288e+02
7.405903448121334804e+02
7.405928718245517075e+02
7.405928942007819842e+02
7.405947880691237515e+02
7.405951009219196521e+02
7.405954402342799767e+02
7.405957871859296802e+02
7.405963049791661206e+02
7.405986226417371654e+02
7.405989871538006355e+02
7.406057355428365554e+02
7.406065234902869179e+02
7.406071005086608920e+02
7.406081585430678160e+02
7.406089801900905059e+02
7.406090992721569819e+02
7.406097500287961566e+02
7.406134181381119106e+02
7.406153498393823611e+02
7.406161860727644353e+02
7.406226863773537161e+02
7.406350470261825194e+02
7.406363198234197398e+02
7.406432367941296206e+02
7.406437030210889816e+02
7.406466518846973486e+02
7.406498256760839922e+02
7.406536521103507766e+02
7.406540048175608035e+02
7.406553649242342772e+02
7.406637733183911223e+02
7.406672627821271817e+02
7.406674597304271401e+02
7.406689323114502486e+02
7.406716403147695473e+02
7.406740735841367496e+02
7.406751917719934681e+02
7.406786804188908491e+02
7.406801486511407120e+02
7.406840101753796262e+02
7.406843413944601480e+02
7.406850265193741052e+02
7.406855518851647275e+02
7.406873250490857572e+02
7.406878322806139749e+02
7.406885955554897691e+02
7.406930831216270690e+02
7.406931807589013488e+02
7.406967616550567755e+02
7.406990479433646897e+02
7.406994328046382634e+02
7.406997884670994381e+02
7.407028612078330525e+02
7.407061234647580932e+02
7.407095353568151950e+02
7.407120446927990542e+02
7.407123327866120235e+02
7.407144366041479771e+02
7.407223537447113131e+02
7.407272654798199483e+02
7.407272654798199483e+02
7.407285339586533155e+02
7.407355463620540377e+02
7.407357733260888608e+02
7.407373123476020282e+02
7.407388793108046912e+02
7.407410058960140304e+02
7.407412114518782573e+02
7.407457061988119449e+02
7.407475706667133863e+02
7.407486825624840776e+02
7.407491357112231753e+02
7.407501902686631183e+02
7.407567845584686665e+02
7.407594412542930513e+02
7.407596479202742330e+02
7.407607334549155667e+02
7.407639343236296554e+02
7.407639522010437076e+02
7.407654552621362427e+02
7.407684704591214313e+02
7.407710292572776325e+02
7.407765972207137111e+02
7.407791711058456485e+02
7.407883775000314017e+02
7.407884595666228051e+02
7.407893217486613366e+02
7.407937720145366711e+02
7.407944408500248983e+02
7.407972307464244750e+02
7.407989044187228274e+02
7.407992620751839468e+02
7.408023306990679657e+02
7.408062651072925746e+02
7.408094458517625753e+02
7.408108447924960274e+02
7.408109036070061393e+02
7.408113543601740503e+02
7.408118423064701119e+02
7.408125038836856220e+02
7.408172918954322768e+02
7.408176006614633025e+02
7.408187853951216084e+02
7.408215553311681560e+02
7.408234640032618472e+02
7.408244492103143557e+02
7.408301284062184777e+02
7.408375408955977264e+02
7.408381190197451360e+02
7.408408958046088628e+02
7.408426609254769346e+02
7.408434798307202982e+02
7.408450353244775215e+02
7.408454439304658763e+02
7.408471380326706139e+02
7.408529698976299187e+02
7.408536258936929926e+02
7.408543545758911932e+02
7.408543545758911932e+02
7.408553506781506712e+02
7.408573846877332016e+02
7.408582092770769805e+02
7.408659640672852902e+02
7.408665191014769107e+02
7.408720264112147333e+02
7.408771599418538472e+02
7.408844690883297517e+02
7.408899010392943865e+02
7.408903034852094152e+02
7.408903034852094152e+02
7.408905326544125955e+02
7.408919322112209329e+02
7.408920575703949680e+02
7.408928256935420222e+02
7.408969366903763785e+02
7.408996281609611287e+02
7.409010034574635029e+02
7.409013341300224056e+02
7.409025564566530875e+02
7.409044824301922745e+02
7.409126694063824061e+02
7.409131273443622376e+02
7.409135943308866672e+02
7.409175095121660206e+02
7.409226206055826651e+02
7.409244615955752806e+02
7.409246745247768331e+02
7.409290560662010421e+02
7.409303362801771300e+02
7.409393209397751434e+02
7.409427735187202870e+02
7.409427735187202870e+02
7.409503566714321323e+02
7.409580808388848254e+02
7.409580808388848254e+02
7.409583952660010482e+02
7.409631707031832093e+02
7.409640860915910707e+02
7.409690635058999533e+02
7.409756209695533471e+02
7.409767721271647360e+02
7.409768967785234963e+02
7.409779585557978407e+02
7.409780279760919939e+02
7.409783228685752192e+02
7.409828922552419499e+02
7.409835551882455320e+02
7.409853306134779132e+02
7.409907814584357766e+02
7.409948425143227269e+02
7.409967140343426308e+02
7.410004371088450625e+02
7.410016942110897844e+02
7.410017494737628567e+02
7.410040731036731358e+02
7.410049266901090732e+02
7.410072359821413102e+02
7.410094747211400090e+02
7.410097697631131268e+02
7.410127778739582709e+02
7.410149705434932912e+02
7.410200458246697508e+02
7.410214720292935908e+02
7.410274238787104650e+02
7.410274238787104650e+02
7.410278339852890213e+02
7.410283928987472564e+02
7.410320669446816737e+02
7.410380303544159233e+02
7.410424969984339896e+02
7.410426830154348181e+02
7.410545235745548780e+02
7.410547030330479856e+02
7.410547030330479856e+02
7.410561384220803802e+02
7.410565142240925525e+02
7.410577609378518673e+02
7.410582830046199661e+02
7.410600472905085780e+02
7.410645845213996381e+02
7.410645845213996381e+02
7.410669786243452108e+02
7.410669786243452108e+02
7.410713568769909898e+02
7.410713568769909898e+02
7.410767558737921945e+02
7.410788772578425778e+02
7.410796467453226342e+02
7.410820286902699081e+02
7.410820286902699081e+02
7.410823455405981122e+02
7.410836717337821256e+02
7.410841883803420842e+02
7.410847072375871676e+02
7.410857618499470618e+02
7.410869130309840784e+02
7.410869130309840784e+02
7.410901339898351807e+02
7.410919929914879276e+02
7.410919929914879276e+02
7.410922731330391571e+02
7.410933645062126516e+02
7.410934563101623098e+02
7.410956827175211856e+02
7.410957297787384732e+02
7.410971039700980327e+02
7.410983077882349335e+02
7.411008846031140820e+02
7.411008846031140820e+02
7.411011176653834127e+02
7.411044830663327048e+02
7.411103407936199119e+02
7.411147158347398545e+02
7.411147158347398545e+02
7.411178082390094914e+02
7.411185477552692191e+02
7.411188160504661937e+02
7.411198876751245734e+02
7.411203073010614162e+02
7.411261266210774465e+02
7.411269006311084695e+02
7.411269006311084695e+02
7.411269246214615123e+02
7.411292730799150377e+02
7.411292730799150377e+02
7.411334715567631974e+02
7.411346847356029457e+02
7.411364763959425090e+02
7.411405469136464035e+02
7.411439247352807342e+02
7.411447388891934906e+02
7.411447388891934906e+02
7.411456853599534043e+02
7.411505265188869771e+02
7.411506228296058225e+02
7.411531023515655079e+02
7.411583066589089412e+02
7.411585478126903581e+02
7.411591150687581830e+02
7.411600479321576813e+02
7.411608796593172883e+02
7.411622547473299392e+02
7.411697719590670204e+02
7.411791001741299851e+02
7.411798554556030467e+02
7.411813658881866331e+02
7.411856902537617771e+02
7.411859783847454537e+02
7.411862442223730341e+02
7.411988422716797231e+02
7.412007221478176007e+02
7.412007221478176007e+02
7.412012427303603772e+02
7.412081696550130800e+02
7.412081696550130800e+02
7.412082447310401676e+02
7.412177149666057403e+02
7.412208074260262265e+02
7.412244096665558573e+02
7.412244096665558573e+02
7.412274735916299733e+02
7.412283907666243294e+02
7.412300469824350557e+02
7.412330005151145542e+02
7.412330005151145542e+02
7.412364586820064005e+02
7.412443269939745960e+02
7.412453592710285193e+02
7.412456656530574719e+02
7.412456656530574719e+02
7.412468696021561527e+02
7.412469280089941321e+02
7.412490099509989250e+02
7.412490313782041085e+02
7.412490313782041085e+02
7.412494763831560931e+02
7.412539113855026471e+02
7.412562809885799879e+02
7.412603682370199749e+02
7.412636330059472130e+02
7.412639066437435531e+02
7.412665144113069573e+02
7.412691993171200693e+02
7.412714700695537431e+02
7.412755238543275027e+02
7.412763919863123192e+02
7.412763919863123192e+02
7.412783885554263179e+02
7.412833114019833829e+02
7.412839609004051908e+02
7.412846943851286596e+02
7.412883938468285123e+02
7.412941528806210272e+02
7.412950430170911886e+02
7.412968857012201624e+02
7.412976300047872655e+02
7.412987783759269860e+02
7.413000101843222183e+02
7.413010474650405968e+02
7.413045056037364020e+02
7.413089170163299286e+02
7.413152207774562612e+02
7.413174578260222916e+02
7.413188550894857372e+02
7.413227534574223228e+02
7.413234564127084241e+02
7.413237720361319134e+02
7.413268821306116934e+02
7.413274571247981157e+02
7.413330608275431359e+02
7.413346790070746692e+02
7.413346790070746692e+02
7.413349011362881811e+02
7.413366717816703613e+02
7.413372593246787119e+02
7.413395610845205965e+02
7.413410729271992068e+02
7.413421852758483510e+02
7.413426478261141028e+02
7.413444293425291107e+02
7.413451849676946495e+02
7.413459722344442753e+02
7.413482443405687263e+02
7.413514563199482836e+02
7.413515934560290361e+02
7.413523608067991972e+02
7.413538698263034803e+02
7.413547917415414759e+02
7.413583188588504527e+02
7.413604924918055303e+02
7.413652781947261019e+02
7.413663575020854068e+02
7.413663575020854068e+02
7.413673707320136828e+02
7.413680234663559077e+02
7.413719477246993392e+02
7.413741481734712124e+02
7.413741481734712124e+02
7.413747239958538557e+02
7.413749381183840796e+02
7.413773352118331559e+02
7.413793778904507690e+02
7.413798373169573779e+02
7.413806706811933509e+02
7.413829887642322092e+02
7.413829887642322092e+02
7.413830787897101118e+02
7.413830787897101118e+02
7.413859690303112302e+02
7.413907132652575456e+02
7.413925696481069281e+02
7.413936578674534985e+02
7.414089067786038640e+02
7.414116587842552235e+02
7.414118121660483212e+02
7.414128123644276229e+02
7.414154166351204367e+02
7.414157476058514931e+02
7.414185289048554068e+02
7.414185289048554068e+02
7.414187270019563130e+02
7.414187270019563130e+02
7.414188047007316982e+02
7.414215371392979250e+02
7.414248454608073189e+02
7.414398462283260187e+02
7.414460678856653431e+02
7.414460678856653431e+02
7.414492162412934704e+02
7.414531584393171215e+02
7.414573853360494695e+02
7.414595084398085874e+02
7.414597833591460585e+02
7.414626179674999094e+02
7.414650562829315277e+02
7.414674259123461297e+02
7.414678611335131109e+02
7.414696615015070620e+02
7.414718350905623083e+02
7.414718350905623083e+02
7.414746537687655064e+02
7.414794282686981433e+02
7.414798219919481426e+02
7.414805479331454308e+02
7.414807512033445391e+02
7.414830643267697496e+02
7.414832435656318239e+02
7.414833678991687975e+02
7.414844909880788464e+02
7.414859115054292715e+02
7.414919020003197829e+02
7.414923222835087699e+02
7.414931645295131375e+02
7.414985438838328946e+02
7.415045697041002768e+02
7.415063169686166020e+02
7.415069358440133556e+02
7.415072197142767436e+02
7.415082738705809788e+02
7.415082738705809788e+02
7.415118801206961052e+02
7.415121722791598131e+02
7.415133794708600590e+02
7.415157836099284623e+02
7.415198492511169661e+02
7.415211832951717952e+02
7.415256750820045681e+02
7.415353041750995544e+02
7.415374417973985146e+02
7.415467758657088098e+02
7.415467758657088098e+02
7.415474499511083195e+02
7.415479586131760925e+02
7.415499662776803689e+02
7.415499941944119655e+02
7.415525586764240416e+02
7.415527372464234759e+02
7.415569663214027969e+02
7.415569663214027969e+02
7.415617817334720030e+02
7.415626900195578628e+02
7.415640024124528509e+02
7.415661799091154762e+02
7.415661799091154762e+02
7.415689824339915504e+02
7.415693216098106859e+02
7.415704179127734506e+02
7.415705948534048275e+02
7.415708070315197347e+02
7.415724566357415597e+02
7.415724566357415597e+02
7.415727383310812684e+02
7.415727383310812684e+02
7.415730929018783399e+02
7.415737189881817812e+02
7.415747175259850792e+02
7.415778671803171846e+02
7.415805323371383793e+02
7.415805323371383793e+02
7.415809259681122967e+02
7.415812548188893061e+02
7.415862959729658996e+02
7.415881932201584732e+02
7.415881932201584732e+02
7.415883113645527374e+02
7.415883113645527374e+02
7.415909969711209442e+02
7.415921812775894750e+02
7.415940304097626949e+02
7.415940304097626949e+02
7.415970954234255714e+02
7.415987338990358921e+02
7.416024548737202622e+02
7.416024548737202622e+02
7.416024631203935087e+02
7.416068803840047394e+02
7.416074083735354634e+02
7.416079732427361932e+02
7.416177198250287574e+02
7.416177198250287574e+02
7.416205451899413674e+02
7.416227631767530966e+02
7.416241426891458559e+02
7.416241426891458559e+02
7.416243997817423406e+02
7.416252264521340294e+02
7.416290255098369926e+02
7.416291918435323396e+02
7.416311103872666308e+02
7.416332476186167924e+02
7.416400252253836243e+02
7.416402971201750915e+02
7.416407772305774415e+02
7.416492249707729343e+02
7.416511216252901022e+02
7.416613765901881834e+02
7.416619496691316726e+02
7.416681494755764561e+02
7.416696265934718895e+02
7.416705510207191310e+02
7.416705510207191310e+02
7.416716913206400932e+02
7.416716913206400932e+02
7.416723018551526820e+02
7.416734959743843092e+02
7.416740621017743251e+02
7.416740621017743251e+02
7.416750444033900749e+02
7.416770401501054266e+02
7.416778996423096260e+02
7.416785542975931094e+02
7.416791429920209566e+02
7.416791429920209566e+02
7.416833786817212513e+02
7.416836980388261509e+02
7.416850822010125057e+02
7.416887694342202622e+02
7.416890684267017377e+02
7.416890684267017377e+02
7.416893396054241521e+02
7.416894306797879608e+02
7.416894306797879608e+02
7.416899306129763545e+02
7.416924470646558802e+02
7.416934728735889166e+02
7.416934728735889166e+02
7.416945934579865707e+02
7.416959531796866258e+02
7.416961171421422705e+02
7.416982231422258565e+02
7.416993927954965784e+02
7.417039116318488823e+02
7.417049480719298344e+02
7.417093878423956994e+02
7.417093878423956994e+02
7.417144912064794653e+02
7.417161293547505920e+02
7.417204981076406511e+02
7.417217083749329731e+02
7.417222618833168326e+02
7.417230387043737210e+02
7.417247310232302198e+02
7.417252237019512222e+02
7.417252237019512222e+02
7.417274162904386685e+02
7.417292328010378242e+02
7.417292328010378242e+02
7.417328870530160430e+02
7.417339317637588465e+02
7.417369389657347938e+02
7.417370855152881859e+02
7.417372613302709397e+02
7.417386701434659244e+02
7.417391403718581842e+02
7.417408757982436782e+02
7.417421089031968222e+02
7.417443729542851543e+02
7.417543584394566096e+02
7.417545297335309442e+02
7.417570376750976493e+02
7.417578922790495426e+02
7.417589750269617070e+02
7.417597309369989489e+02
7.417601702955950032e+02
7.417643055761196820e+02
7.417660920630510191e+02
7.417663177046478040e+02
7.417663177046478040e+02
7.417672250997234187e+02
7.417676474261237445e+02
7.417676474261237445e+02
7.417678409331467719e+02
7.417730015979051359e+02
7.417730015979051359e+02
7.417733769283262291e+02
7.417739259950952828e+02
7.417748951538562778e+02
7.417748951538562778e+02
7.417750182317831786e+02
7.417753686608230055e+02
7.417772158657155614e+02
7.417813396987465921e+02
7.417821241445029727e+02
7.417832503835171565e+02
7.417838968768047607e+02
7.417848209526388246e+02
7.417910027265819508e+02
7.417925035713315083e+02
7.417931563356810329e+02
7.417939842064755567e+02
7.418009163394713141e+02
7.418013718498642675e+02
7.418078583793376310e+02
7.418122641174405771e+02
7.418135124899230277e+02
7.418135124899230277e+02
7.418153933935196847e+02
7.418154561159549303e+02
7.418157608153976526e+02
7.418179445651569495e+02
7.418206852666542090e+02
7.418206852666542090e+02
7.418242204945421463e+02
7.418243898279069981e+02
7.418245563664984275e+02
7.418245563664984275e+02
7.418249152476474819e+02
7.418291655638859083e+02
7.418300958838269707e+02
7.418342133395578912e+02
7.418360858270649487e+02
7.418360858270649487e+02
7.418427042090646637e+02
7.418428242307625169e+02
7.418436988656161475e+02
7.418446578112834686e+02
7.418446578112834686e+02
7.418462082538279674e+02
7.418497374516841774e+02
7.418499278014031688e+02
7.418513382208775511e+02
7.418521444513175993e+02
7.418577484465185989e+02
7.418602070924954432e+02
7.418610339505389675e+02
7.418635389803952194e+02
7.418720560814630289e+02
7.418740797356614394e+02
7.418751454691380331e+02
7.418773214586821041e+02
7.418777847362770217e+02
7.418813567611576900e+02
7.418825131436832407e+02
7.418825131436832407e+02
7.418834992420844401e+02
7.418848503940362207e+02
7.418945726289653066e+02
7.418951215069243972e+02
7.418954229983629602e+02
7.418970855123765205e+02
7.418983177511499889e+02
7.419005630142609107e+02
7.419041594574838427e+02
7.419058146544382453e+02
7.419073741895977037e+02
7.419082311311551621e+02
7.419085858571605741e+02
7.419106109424877786e+02
7.419109025253929985e+02
7.419109025253929985e+02
7.419140684327130657e+02
7.419140684327130657e+02
7.419165780817293125e+02
7.419167838940290949e+02
7.419240228782035729e+02
7.419240228782035729e+02
7.419254166688270971e+02
7.419284106341042389e+02
7.419299859066975387e+02
7.419356587111035424e+02
7.419432804418435126e+02
7.419437963588991352e+02
7.419437963588991352e+02
7.419456393829763101e+02
7.419457296660989414e+02
7.419457296660989414e+02
7.419457860309303214e+02
7.419460132064689333e+02
7.419470387222540921e+02
7.419470387222540921e+02
7.419496137595408527e+02
7.419537337392248446e+02
7.419537337392248446e+02
7.419553211554207337e+02
7.419553211554207337e+02
7.419580429143023821e+02
7.419603236538583815e+02
7.419603236538583815e+02
7.419610379593749485e+02
7.419612486302098660e+02
7.419612486302098660e+02
7.419635145685898578e+02
7.419635145685898578e+02
7.419649323304157633e+02
7.419649323304157633e+02
7.419668228775918806e+02
7.419687718322327328e+02
7.419688943183381298e+02
7.419688943183381298e+02
7.419700057425712885e+02
7.419701325341902702e+02
7.419701845405634231e+02
7.419701845405634231e+02
7.419704245708923054e+02
7.419709759545205543e+02
7.419714330336687453e+02
7.419722956697382870e+02
7.419730515609198847e+02
7.419757738652551780e+02
7.419757738652551780e+02
7.419789270781259347e+02
7.419790293812392292e+02
7.419812335200753068e+02
7.419812335200753068e+02
7.419856485007741185e+02
7.419856485007741185e+02
7.419863908528863021e+02
7.419872798345548972e+02
7.419889469758803671e+02
7.419890258107059253e+02
7.419942531591503894e+02
7.419949563081511315e+02
7.419961775712317831e+02
7.419968644416644565e+02
7.419988405904856563e+02
7.419995223974459577e+02
7.420007890908212858e+02
7.420010039781300293e+02
7.420010039781300293e+02
7.420086005419461799e+02
7.420136046602860915e+02
7.420142881804573562e+02
7.420221444488323641e+02
7.420237562434359688e+02
7.420263719326096634e+02
7.420263719326096634e+02
7.420268198919113729e+02
7.420270623211903285e+02
7.420273024079597235e+02
7.420279600078596332e+02
7.420279600078596332e+02
7.420282226184211822e+02
7.420326388435922809e+02
7.420334326538539926e+02
7.420339898482033050e+02
7.420366664541867294e+02
7.420366664541867294e+02
7.420382964712697458e+02
7.420413637082008336e+02
7.420430953135327172e+02
7.420430953135327172e+02
7.420431192813713324e+02
7.420435512019089401e+02
7.420447176213659759e+02
7.420460445878527480e+02
7.420460445878527480e+02
7.420478110496310364e+02
7.420497617356479623e+02
7.420497617356479623e+02
7.420507521296212872e+02
7.420527155725610555e+02
7.420527155725610555e+02
7.420549886626506577e+02
7.420560321227986833e+02
7.420569661202172256e+02
7.420620506424081668e+02
7.420632469558569255e+02
7.420633135834311815e+02
7.420643624610033839e+02
7.420645505750421762e+02
7.420650161236776512e+02
7.420651127659912163e+02
7.420657830633007279e+02
7.420664840137997089e+02
7.420666137849329971e+02
7.420684745809967353e+02
7.420704806012794279e+02
7.420706146469040050e+02
7.420708117988423282e+02
7.420733553611712523e+02
7.420733553611712523e+02
7.420748506949821603e+02
7.420748506949821603e+02
7.420775966105660473e+02
7.420849599217153809e+02
7.420868447091979760e+02
7.420871054326630656e+02
7.420872721226863860e+02
7.420894245857926990e+02
7.420987810663388018e+02
7.420994618428951526e+02
7.420995910629188757e+02
7.420995910629188757e+02
7.421006050881953797e+02
7.421011122836030154e+02
7.421018276696170233e+02
7.421018276696170233e+02
7.421030378205379066e+02
7.421036965033604247e+02
7.421036965033604247e+02
7.421045040801096775e+02
7.421118717464229348e+02
7.421145896252270404e+02
7.421199825506620300e+02
7.421199825506620300e+02
7.421223615780662612e+02
7.421226066565925521e+02
7.421265044801137947e+02
7.421353248739276296e+02
7.421455325358416530e+02
7.421461542294911169e+02
7.421461542294911169e+02
7.421463541069983876e+02
7.421468515443863225e+02
7.421491660117387710e+02
7.421513719328441994e+02
7.421520833130721257e+02
7.421555075610579024e+02
7.421555075610579024e+02
7.421556757151601005e+02
7.421583648181318722e+02
7.421585003840837089e+02
7.421585003840837089e+02
7.421588062468919134e+02
7.421603938037995931e+02
7.421678112295488745e+02
7.421686473435210019e+02
7.421698385435521459e+02
7.421810632314811755e+02
7.421835411139089729e+02
7.421846868111504136e+02
7.421900154703994303e+02
7.421900154703994303e+02
7.421911883461325488e+02
7.421916350359182388e+02
7.421916350359182388e+02
7.421951387121861217e+02
7.421988604844715383e+02
7.421993446622906276e+02
7.422009038239707479e+02
7.422018453792674109e+02
7.422044499363921659e+02
7.422050747980774759e+02
7.422050747980774759e+02
7.422057988013747263e+02
7.422058335766995469e+02
7.422079085561715601e+02
7.422107672293067253e+02
7.422134276190322453e+02
7.422137846563622361e+02
7.422147396220104838e+02
7.422165596217944312e+02
7.422186237410562626e+02
7.422188290889295104e+02
7.422198228843162724e+02
7.422247584457749099e+02
7.422248951369338101e+02
7.422277706723932624e+02
7.422309284126192779e+02
7.422318450006517878e+02
7.422318450006517878e+02
7.422328982016628061e+02
7.422352534011449734e+02
7.422352534011449734e+02
7.422374209898720210e+02
7.422382582643062960e+02
7.422470978393733958e+02
7.422470978393733958e+02
7.422477344852911756e+02
7.422500031721592677e+02
7.422504023032677196e+02
7.422573937851633445e+02
7.422581096107076064e+02
7.422595423243233199e+02
7.422595423243233199e+02
7.422604497221318525e+02
7.422609007324111872e+02
7.422611408059705127e+02
7.422634462777211866e+02
7.422637905131151683e+02
7.422682630686007315e+02
7.422683679449071406e+02
7.422697370368452994e+02
7.422701772897542014e+02
7.422704497080777628e+02
7.422704497080777628e+02
7.422742707986960795e+02
7.422742707986960795e+02
7.422747327558539610e+02
7.422782400061754515e+02
7.422782400061754515e+02
7.422784518961165077e+02
7.422784518961165077e+02
7.422786058180134887e+02
7.422792998305806123e+02
7.422792998305806123e+02
7.422804165115425121e+02
7.422834761135570716e+02
7.422872383395338147e+02
7.422872383395338147e+02
7.422873389733902059e+02
7.422885632098676751e+02
7.422891726040978710e+02
7.422891726040978710e+02
7.422905664467598399e+02
7.422916394453984594e+02
7.422926098694955499e+02
7.422931189820938016e+02
7.422956516218639536e+02
7.422964032007491824e+02
7.423003786824597228e+02
7.423037754474872827e+02
7.423041100072966856e+02
7.423066841917225247e+02
7.423066841917225247e+02
7.423085953570905531e+02
7.423109398021715606e+02
7.423115258846647748e+02
7.423115621112750659e+02
7.423127384832533835e+02
7.423128480773225419e+02
7.423152669901812715e+02
7.423159744441738894e+02
7.423175207993886033e+02
7.423177593315007243e+02
7.423187318822255065e+02
7.423285588301650932e+02
7.423289182017358598e+02
7.423293187971647740e+02
7.423324118880877904e+02
7.423338635399685472e+02
7.423357665524399636e+02
7.423376826243821824e+02
7.423376826243821824e+02
7.423393298746085520e+02
7.423398949886390028e+02
7.423398949886390028e+02
7.423399814550089104e+02
7.423470367910182404e+02
7.423470367910182404e+02
7.423496456308245115e+02
7.423512370282710435e+02
7.423609139784938407e+02
7.423609139784938407e+02
7.423611360402842365e+02
7.423611360402842365e+02
7.423624732129006816e+02
7.423644590218542589e+02
7.423677280223843127e+02
7.423695311178247493e+02
7.423698312526984182e+02
7.423748010351791891e+02
7.423748010351791891e+02
7.423750245800547418e+02
7.423753844050058888e+02
7.423780439971595797e+02
7.423793326307766165e+02
7.423797875677906859e+02
7.423832400604519535e+02
7.423856728112806422e+02
7.423883270245459016e+02
7.423892337046938792e+02
7.423918345571296413e+02
7.423923792859442301e+02
7.423993119363250344e+02
7.423996910455333591e+02
7.424009544002294660e+02
7.424014696202823416e+02
7.424031002791815581e+02
7.424049773043620917e+02
7.424074050638796507e+02
7.424074050638796507e+02
7.424078606585522948e+02
7.424078606585522948e+02
7.424083122040009357e+02
7.424116784385461187e+02
7.424141571936069113e+02
7.424144924808737187e+02
7.424225975001589859e+02
7.424225975001589859e+02
7.424238941815433463e+02
7.424240692214623323e+02
7.424275691762804854e+02
7.424281813553942584e+02
7.424285773404344582e+02
7.424300701563812481e+02
7.424316377324890937e+02
7.424353632801573895e+02
7.424378991624881792e+02
7.424384568264870268e+02
7.424390347405812918e+02
7.424393676220815905e+02
7.424404770828347182e+02
7.424424660898646380e+02
7.424467143741620703e+02
7.424482740734638355e+02
7.424483086147508857e+02
7.424496338738364329e+02
7.424507292425379319e+02
7.424508429437981931e+02
7.424545630876499445e+02
7.424548293150859308e+02
7.424568454596131915e+02
7.424594670358043231e+02
7.424619262751563156e+02
7.424619262751563156e+02
7.424629406661564417e+02
7.424687571896230338e+02
7.424725305689898960e+02
7.424744516362383138e+02
7.424768708825941985e+02
7.424779289683543766e+02
7.424825932534164394e+02
7.424859298259551679e+02
7.424862795654796628e+02
7.424866525846537115e+02
7.424871919373774745e+02
7.424872393560768842e+02
7.424910367777562215e+02
7.424939055777357453e+02
7.424953390183816282e+02
7.424982679294665786e+02
7.424997216612127886e+02
7.425057474486479805e+02
7.425066977134125636e+02
7.425073558437086376e+02
7.425074522836648612e+02
7.425080020399058185e+02
7.425135079308277000e+02
7.425135079308277000e+02
7.425135918556962906e+02
7.425152515334571035e+02
7.425152515334571035e+02
7.425162171936152617e+02
7.425173271028052113e+02
7.425173392943576118e+02
7.425240307825046102e+02
7.425261053406799192e+02
7.425266150115641040e+02
7.425266150115641040e+02
7.425316724453783763e+02
7.425328992598007289e+02
7.425342682254522515e+02
7.425342682254522515e+02
7.425363963055654040e+02
7.425368672328231696e+02
7.425368672328231696e+02
7.425463899354979276e+02
7.425463899354979276e+02
7.425481904677445755e+02
7.425484772448174908e+02
7.425525913578946984e+02
7.425535185960010267e+02
7.425560186268392044e+02
7.425563004107206098e+02
7.425566571841458199e+02
7.425568106487622799e+02
7.425599906500236784e+02
7.425611681415629164e+02
7.425622110355243422e+02
7.425622110355243422e+02
7.425626281043919334e+02
7.425661826320822456e+02
7.425677925735056988e+02
7.425690213417689165e+02
7.425739255887364152e+02
7.425772218489165652e+02
7.425783225710481474e+02
7.425783996967869598e+02
7.425794792754453510e+02
7.425799055680413403e+02
7.425805133713258783e+02
7.425843447203556025e+02
7.425855950168705704e+02
7.425870480299765859e+02
7.425870480299765859e+02
7.425908720720615293e+02
7.425944696825476967e+02
7.425945439835411435e+02
7.425949667104754326e+02
7.425961966267734624e+02
7.425975317636972477e+02
7.425986030452640989e+02
7.425988302951693640e+02
7.426007892841472540e+02
7.426022164585200471e+02
7.426022425558732039e+02
7.426022425558732039e+02
7.426089816766311742e+02
7.426114026136922348e+02
7.426121165379506692e+02
7.426135491798423800e+02
7.426164356433191642e+02
7.426170121544010954e+02
7.426222799236845731e+02
7.426235886378559599e+02
7.426235886378559599e+02
7.426258502472169312e+02
7.426279787402091870e+02
7.426303390097485817e+02
7.426303390097485817e+02
7.426311061364964416e+02
7.426315442538829075e+02
7.426316675653168886e+02
7.426318988167837460e+02
7.426323932449683980e+02
7.426342304976361675e+02
7.426344937408254054e+02
7.426349821859081430e+02
7.426349821859081430e+02
7.426388893518957275e+02
7.426402990298976192e+02
7.426411356236606025e+02
7.426468569360529273e+02
7.426508289925366171e+02
7.426524707581040730e+02
7.426552475494265764e+02
7.426564774193475387e+02
7.426579503110297082e+02
7.426596161138252228e+02
7.426624661203416053e+02
7.426624661203416053e+02
7.426655534286825286e+02
7.426655534286825286e+02
7.426682164860575313e+02
7.426759001395388395e+02
7.426782713210635620e+02
7.426794779212240201e+02
7.426820115631823001e+02
7.426820115631823001e+02
7.426828902346422865e+02
7.426864767602642132e+02
7.426888643499943328e+02
7.426893627230000448e+02
7.426893627230000448e+02
7.426986663359421073e+02
7.427000107196745375e+02
7.427007944907077217e+02
7.427052335183665264e+02
7.427053270700456551e+02
7.427061901003842195e+02
7.427066026478539698e+02
7.427069624787854991e+02
7.427069624787854991e+02
7.427129615270297336e+02
7.427142625272002761e+02
7.427143661671289010e+02
7.427143661671289010e+02
7.427162499118716141e+02
7.427199300889208189e+02
7.427199300889208189e+02
7.427220516327055293e+02
7.427220516327055293e+02
7.427224628225393417e+02
7.427226537407543674e+02
7.427241805869093696e+02
7.427288339479252954e+02
7.427317822501918272e+02
7.427339010354064612e+02
7.427371072147740279e+02
7.427415127106602313e+02
7.427437299118024612e+02
7.427443334586574792e+02
7.427445250027247994e+02
7.427541417961871275e+02
7.427553282652178268e+02
7.427559659959463261e+02
7.427563607882590304e+02
7.427600008208139570e+02
7.427628342224534208e+02
7.427631858368496296e+02
7.427641751605593754e+02
7.427662742669635918e+02
7.427662742669635918e+02
7.427687104297145879e+02
7.427692380650688619e+02
7.427701114222204524e+02
7.427701114222204524e+02
7.427706703649324709e+02
7.427735095493732160e+02
7.427741443755672890e+02
7.427746174319429429e+02
7.427746765750117675e+02
7.427753005196808544e+02
7.427765685744061557e+02
7.427817946618733913e+02
7.427817946618733913e+02
7.427836814998029240e+02
7.427873694798354336e+02
7.427883299635800540e+02
7.427883299635800540e+02
7.427915893635804423e+02
7.427929200131887910e+02
7.427963271673119152e+02
7.427965544009746282e+02
7.427967731271116918e+02
7.427976175454660961e+02
7.427981881815846918e+02
7.427986442240343194e+02
7.428002683503125354e+02
7.428002726735347778e+02
7.428002726735347778e+02
7.428023970503578539e+02
7.428024590755445615e+02
7.428052454454302733e+02
7.428073786532952454e+02
7.428074019602319140e+02
7.428074019602319140e+02
7.428085145044207138e+02
7.428095306201696530e+02
7.428095983685885813e+02
7.428104252924997581e+02
7.428104252924997581e+02
7.428117574869432929e+02
7.428161807300823511e+02
7.428161807300823511e+02
7.428180645179839985e+02
7.428187089065511373e+02
7.428198681633314209e+02
7.428209256223117336e+02
7.428210101704621593e+02
7.428247645132248635e+02
7.428288756164777169e+02
7.428294014883854288e+02
7.428294014883854288e+02
7.428329420982113334e+02
7.428334549632093058e+02
7.428366185409776108e+02
7.428367587354811121e+02
7.428405343632016411e+02
7.428426656623844337e+02
7.428453450725753555e+02
7.428483911288188892e+02
7.428504048866964240e+02
7.428510766658093871e+02
7.428547532875311390e+02
7.428547532875311390e+02
7.428564532736448882e+02
7.428581217133696555e+02
7.428587141314849305e+02
7.428590418107636424e+02
7.428608419175368454e+02
7.428610158042323519e+02
7.428617629910688720e+02
7.428622965513357030e+02
7.428635700183208428e+02
7.428635700183208428e+02
7.428658935249078468e+02
7.428658935249078468e+02
7.428685299705339276e+02
7.428702687913419140e+02
7.428702687913419140e+02
7.428708591252219549e+02
7.428708591252219549e+02
7.428710665773276105e+02
7.428745969060584002e+02
7.428745969060584002e+02
7.428762616630655202e+02
7.428779929647294011e+02
7.428779929647294011e+02
7.428783754070952909e+02
7.428835870971472559e+02
7.428874850833750543e+02
7.428878084130817570e+02
7.428889274057581815e+02
7.428892711312422534e+02
7.428902136954441175e+02
7.428914757255608947e+02
7.428951292717683828e+02
7.428991979145131381e+02
7.429041850573333932e+02
7.429042327308088716e+02
7.429043928333870781e+02
7.429093937478347698e+02
7.429175930843562128e+02
7.429184720735610199e+02
7.429190596513997207e+02
7.429223382771090201e+02
7.429244002852900621e+02
7.429251435583801140e+02
7.429293514101707387e+02
7.429320120785181416e+02
7.429323984525373135e+02
7.429362341234017322e+02
7.429390571221788377e+02
7.429390571221788377e+02
7.429395760688678365e+02
7.429407854073145927e+02
7.429425148793916378e+02
7.429446218676878289e+02
7.429446561281521326e+02
7.429466561425591635e+02
7.429484578912241659e+02
7.429497244928585360e+02
7.429497244928585360e+02
7.429520036716922959e+02
7.429528926531468187e+02
7.429528926531468187e+02
7.429580762732632593e+02
7.429580762732632593e+02
7.429609647898701041e+02
7.429609647898701041e+02
7.429620587724526786e+02
7.429627865157066253e+02
7.429627901979297349e+02
7.429628175005392450e+02
7.429630572409976139e+02
7.429630572409976139e+02
7.429632764589929366e+02
7.429632764589929366e+02
7.429655357911101419e+02
7.429707419847489973e+02
7.429713443404561986e+02
7.429736189090558582e+02
7.429739010712930849e+02
7.429739695077282704e+02
7.429741327168962925e+02
7.429779105941370290e+02
7.429784013492156873e+02
7.429855438617435084e+02
7.429856040502539827e+02
7.429894135338654451e+02
7.429894324630284927e+02
7.429894324630284927e+02
7.429894438545813955e+02
7.429894438545813955e+02
7.429906959247884970e+02
7.429909380327715098e+02
7.429909380327715098e+02
7.429917001778289887e+02
7.429960734877719233e+02
7.430042612938945013e+02
7.430047401557206967e+02
7.430062965827873995e+02
7.430103721838154343e+02
7.430129677111917772e+02
7.430129677111917772e+02
7.430135927832128573e+02
7.430231785924516998e+02
7.430255770075182227e+02
7.430282397788475919e+02
7.430308805849532519e+02
7.430308805849532519e+02
7.430329291707919310e+02
7.430392841286482053e+02
7.430392841286482053e+02
7.430410531272329990e+02
7.430412038734127691e+02
7.430427886565389599e+02
7.430427886565389599e+02
7.430454252288952830e+02
7.430492779004487147e+02
7.430508017049254477e+02
7.430512890555935428e+02
7.430512890555935428e+02
7.430522314383407547e+02
7.430522314383407547e+02
7.430548416450379818e+02
7.430572123994107869e+02
7.430579711304091006e+02
7.430579711304091006e+02
7.430590295356172419e+02
7.430612813694734768e+02
7.430642733689795705e+02
7.430674588847327868e+02
7.430684022931683330e+02
7.430688275576032993e+02
7.430702600725232969e+02
7.430712902079152400e+02
7.430717876767195094e+02
7.430739058439010023e+02
7.430769214704275782e+02
7.430769214704275782e+02
7.430792319749610897e+02
7.430862631929587678e+02
7.430877182767744671e+02
7.430914539909116456e+02
7.430926707924478478e+02
7.430926707924478478e+02
7.430937701757823106e+02
7.430957972009947525e+02
7.430971174429203074e+02
7.430989795292535973e+02
7.431000236367242451e+02
7.431025311781414757e+02
7.431051989998134104e+02
7.431091835648146571e+02
7.431091835648146571e+02
7.431102764135619054e+02
7.431134126282696570e+02
7.431138056577876796e+02
7.431150338752530615e+02
7.431153102312563306e+02
7.431153102312563306e+02
7.431155151598992461e+02
7.431167296779703975e+02
7.431180212834105987e+02
7.431203432098170651e+02
7.431212849909535407e+02
7.431216711968583013e+02
7.431249104283280076e+02
7.431249695826109019e+02
7.431255846605308761e+02
7.431262193975467198e+02
7.431270958741567938e+02
7.431291334355698837e+02
7.431310183730048493e+02
7.431310183730048493e+02
7.431313822907376334e+02
7.431320121467086892e+02
7.431355302671862546e+02
7.431386888057687656e+02
7.431386888057687656e+02
7.431411703235772848e+02
7.431411703235772848e+02
7.431419556350521134e+02
7.431425004056339958e+02
7.431428330128019297e+02
7.431431689837958174e+02
7.431433814939128979e+02
7.431433814939128979e+02
7.431454347633756470e+02
7.431481692372298085e+02
7.431490833607795139e+02
7.431498457329527128e+02
7.431515830028190521e+02
7.431554421263131189e+02
7.431557090347716894e+02
7.431561991226794817e+02
7.431566093462250819e+02
7.431586323794585951e+02
7.431622856260208891e+02
7.431633793921938604e+02
7.431633793921938604e+02
7.431646446591223594e+02
7.431650674969254169e+02
7.431656942790413041e+02
7.431667230691093664e+02
7.431679440346848651e+02
7.431681662969431272e+02
7.431685645106891798e+02
7.431704468533092722e+02
7.431724275827236852e+02
7.431729492711848479e+02
7.431735304813893208e+02
7.431750410620492175e+02
7.431791280240710194e+02
7.431809801571275784e+02
7.431812145802779241e+02
7.431816328899448081e+02
7.431819150830650642e+02
7.431840520534867665e+02
7.431852986779484809e+02
7.431856526214567111e+02
7.431875037920168552e+02
7.431878307345365329e+02
7.431889409839878908e+02
7.431898210259206508e+02
7.431900209760516418e+02
7.431900209760516418e+02
7.431921843741595239e+02
7.431956483438069654e+02
7.431957535545911924e+02
7.431984523383970327e+02
7.431998313457896757e+02
7.432003375125327693e+02
7.432025969503579290e+02
7.432032036256161973e+02
7.432063199435966681e+02
7.432066979373438471e+02
7.432068012147831269e+02
7.432083877268718197e+02
7.432099476574417167e+02
7.432104181119169652e+02
7.432104502618619790e+02
7.432107452006645190e+02
7.432138006260323664e+02
7.432157163357742320e+02
7.432158138449021862e+02
7.432196977311492674e+02
7.432196977311492674e+02
7.432247733586626737e+02
7.432287662820722289e+02
7.432339416214484800e+02
7.432343867744367572e+02
7.432347430556316112e+02
7.432356691292984578e+02
7.432358421602260705e+02
7.432358421602260705e+02
7.432415651915986246e+02
7.432422365801494379e+02
7.432422714452553691e+02
7.432422971857563425e+02
7.432423330465580875e+02
7.432443755825648850e+02
7.432448696010108051e+02
7.432472472883987393e+02
7.432501417550347469e+02
7.432501918462751291e+02
7.432501918462751291e+02
7.432531781525621000e+02
7.432544636769989665e+02
7.432555682731306206e+02
7.432569208952575082e+02
7.432574978067486882e+02
7.432586372314830214e+02
7.432614435245104687e+02
7.432620669073173758e+02
7.432620669073173758e+02
7.432623032874029150e+02
7.432666808920743051e+02
7.432672676504830633e+02
7.432675384603239763e+02
7.432677654598173831e+02
7.432690361811795583e+02
7.432691413295982557e+02
7.432691605591080588e+02
7.432707087527005569e+02
7.432708251146366365e+02
7.432749055113923760e+02
7.432750456119661067e+02
7.432795463767721458e+02
7.432833326997438235e+02
7.432834490930182483e+02
7.432859244203451681e+02
7.432882263976042623e+02
7.432887232194924536e+02
7.432887232194924536e+02
7.432903537335299688e+02
7.432943394167480164e+02
7.432944217524767510e+02
7.432955031145143039e+02
7.432962379554564905e+02
7.432967639213328539e+02
7.432973047522314118e+02
7.432979757515015535e+02
7.432981665493226728e+02
7.432990332398807141e+02
7.432995936953115006e+02
7.433014252910685400e+02
7.433043842937863701e+02
7.433061829731233274e+02
7.433071150619972514e+02
7.433071150619972514e+02
7.433076594608024834e+02
7.433096503374098347e+02
7.433117575291436196e+02
7.433121431865334898e+02
7.433141410283438972e+02
7.433191651082174758e+02
7.433202350836035066e+02
7.433244971337968536e+02
7.433264831379914312e+02
7.433267999395881134e+02
7.433299755269729303e+02
7.433315425209347040e+02
7.433316828131609100e+02
7.433326242189356208e+02
7.433373769742204331e+02
7.433381059240248305e+02
7.433381849570100712e+02
7.433399830168928020e+02
7.433416278963877630e+02
7.433486645184774488e+02
7.433503301703789248e+02
7.433650295798502157e+02
7.433652302843346433e+02
7.433664392988235932e+02
7.433669296309323045e+02
7.433681284651778469e+02
7.433708809214098210e+02
7.433731356961537813e+02
7.433778050893607769e+02
7.433791049863305034e+02
7.433801743239616826e+02
7.433805090587341056e+02
7.433805724899561937e+02
7.433805878230351709e+02
7.433832783477967041e+02
7.433871342291784003e+02
7.433871486307386931e+02
7.433877164373931237e+02
7.433878016148789811e+02
7.433882352701990612e+02
7.433888946104214028e+02
7.433889694623477453e+02
7.433895030939019080e+02
7.433910415553373241e+02
7.433910481212230934e+02
7.434003700040126432e+02
7.434007599994719158e+02
7.434052264038474505e+02
7.434064866204162172e+02
7.434065110490071220e+02
7.434089823700934403e+02
7.434106304197906638e+02
7.434109642850671662e+02
7.434153567104833655e+02
7.434165623852273939e+02
7.434201699366566345e+02
7.434209886477253804e+02
7.434225062692993333e+02
7.434228101783414786e+02
7.434239135066801509e+02
7.434284659821876176e+02
7.434333077487826813e+02
7.434334416402624583e+02
7.434351296132784910e+02
7.434355508322693140e+02
7.434363463574233037e+02
7.434363463574233037e+02
7.434366651779672566e+02
7.434367469706680822e+02
7.434375047079436172e+02
7.434458155263380377e+02
7.434462803825732635e+02
7.434482486536933266e+02
7.434484685742264674e+02
7.434484685742264674e+02
7.434490010409652996e+02
7.434514931608397319e+02
7.434519791455203404e+02
7.434524199471240991e+02
7.434561394263093916e+02
7.434596250843650296e+02
7.434617723048248763e+02
7.434635749519172805e+02
7.434654147614892281e+02
7.434679569817310494e+02
7.434685518035721543e+02
7.434698670026277796e+02
7.434704650245895436e+02
7.434744993718904880e+02
7.434756025737693790e+02
7.434785861768955328e+02
7.434793824657103869e+02
7.434817017282382494e+02
7.434839128348165787e+02
7.434844899164166918e+02
7.434852584104231710e+02
7.434859442071340254e+02
7.434864897678240823e+02
7.434873162409569431e+02
7.434910088314878749e+02
7.434910088314878749e+02
7.434911665048840632e+02
7.434930638305460207e+02
7.434940617542479231e+02
7.434945124003286310e+02
7.434956836727628797e+02
7.434982277207715242e+02
7.434987424688738429e+02
7.434999015559387772e+02
7.435013727856330661e+02
7.435044527386156687e+02
7.435045866263590142e+02
7.435137057215025607e+02
7.435166548074179218e+02
7.435176470014301913e+02
7.435179527588906012e+02
7.435180287698691473e+02
7.435221188374861185e+02
7.435223607761338371e+02
7.435234074329652003e+02
7.435240298513566586e+02
7.435295790451986022e+02
7.435296934874914996e+02
7.435306062579921900e+02
7.435316103707173170e+02
7.435321766921330209e+02
7.435334258616725265e+02
7.435336198652404391e+02
7.435349812742542781e+02
7.435351949103936704e+02
7.435357034555942164e+02
7.435366729270248243e+02
7.435382362147222466e+02
7.435417911555950923e+02
7.435419694650163365e+02
7.435439553157186765e+02
7.435448423371850595e+02
7.435449318199193840e+02
7.435457651707043851e+02
7.435503965170553329e+02
7.435520126649931854e+02
7.435523671037527720e+02
7.435534176471142018e+02
7.435537447166208267e+02
7.435547849762199348e+02
7.435577093308155554e+02
7.435617387823709805e+02
7.435626791785288106e+02
7.435642967019280150e+02
7.435666826913999330e+02
7.435672968506037250e+02
7.435686804568721300e+02
7.435687232634629709e+02
7.435695105096870066e+02
7.435697871510035384e+02
7.435699280217917249e+02
7.435706067170483493e+02
7.435717253101061033e+02
7.435737145243637087e+02
7.435749702351261021e+02
7.435759180463918483e+02
7.435760098273735821e+02
7.435769471593871458e+02
7.435770006515701880e+02
7.435777652279768972e+02
7.435779238981818935e+02
7.435781095309348530e+02
7.435781644696239709e+02
7.435797527256428339e+02
7.435818652175971692e+02
7.435826134419968412e+02
7.435839204574742780e+02
7.435846287358598374e+02
7.435846918983451133e+02
7.435851568740396260e+02
7.435855176251869807e+02
7.435858289334441906e+02
7.435878951732854603e+02
7.435888208030179385e+02
7.435896176205242227e+02
7.435908947091462551e+02
7.435910842585514047e+02
7.435912304134066062e+02
7.435941702391453418e+02
7.435969206593240415e+02
7.436018510657793286e+02
7.436022109400004183e+02
7.436022682647466127e+02
7.436034789637727727e+02
7.436047030778879616e+02
7.436075819296139571e+02
7.436101723995204793e+02
7.436127188564390735e+02
7.436128512515500688e+02
7.436129831818450384e+02
7.436131136639602346e+02
7.436144315778674354e+02
7.436157310979477870e+02
7.436163996571854113e+02
7.436182792086761992e+02
7.436184108399421575e+02
7.436201363254227772e+02
7.436245974026171552e+02
7.436262077098394911e+02
7.436264532032952275e+02
7.436269466987125725e+02
7.436277699066223477e+02
7.436279492470486048e+02
7.436293273590753188e+02
7.436315634511061035e+02
7.436317487853941657e+02
7.436336332155543687e+02
7.436354253839957664e+02
7.436371740369283998e+02
7.436396410751053736e+02
7.436422012890619726e+02
7.436450446537031667e+02
7.436452154390410669e+02
7.436467764663682374e+02
7.436476406735746423e+02
7.436535355096136755e+02
7.436552091207310013e+02
7.436570588800495898e+02
7.436573281760288410e+02
7.436595023532307778e+02
7.436602349957378237e+02
7.436628365709500486e+02
7.436628863574218258e+02
7.436630109537358067e+02
7.436634141012494865e+02
7.436638619128685832e+02
7.436645496376551137e+02
7.436675166671703892e+02
7.436677350002092908e+02
7.436692874076502449e+02
7.436693820381847218e+02
7.436711146667506682e+02
7.436717789912314629e+02
7.436720564917081902e+02
7.436751033153768731e+02
7.436779169441646218e+02
7.436781919494210342e+02
7.436788526195692839e+02
7.436794821291703101e+02
7.436796491957088620e+02
7.436801020854737772e+02
7.436807805686818256e+02
7.436833915805515289e+02
7.436865509579092759e+02
7.436875639902582407e+02
7.436892851971736036e+02
7.436898439364728119e+02
7.436907865872266257e+02
7.436932813731216356e+02
7.436950743403838260e+02
7.436952976123208146e+02
7.436960707390932157e+02
7.436966086124792810e+02
7.436971894148582578e+02
7.436993935312980284e+02
7.437049650091713602e+02
7.437051133255289415e+02
7.437068569632472190e+02
7.437077195683075388e+02
7.437085894091660521e+02
7.437101571678190339e+02
7.437101660818306073e+02
7.437114299522712599e+02
7.437118344618189667e+02
7.437126656383087493e+02
7.437134289803393585e+02
7.437137990227531645e+02
7.437140737612971861e+02
7.437149725462312517e+02
7.437161339971247571e+02
7.437185787985993102e+02
7.437217458684195890e+02
7.437223120887589403e+02
7.437248216864211372e+02
7.437249039890377844e+02
7.437284320720975757e+02
7.437289948207403540e+02
7.437305996168225874e+02
7.437326667324367691e+02
7.437330127202479844e+02
7.437336230165100233e+02
7.437365565866422230e+02
7.437391523625799437e+02
7.437394661133039335e+02
7.437406683794580431e+02
7.437414203428509154e+02
7.437419455549984377e+02
7.437432083624323695e+02
7.437440749298175433e+02
7.437441007568318128e+02
7.437441956210127501e+02
7.437444892150022042e+02
7.437456021987228496e+02
7.437495949758459801e+02
7.437525051941873926e+02
7.437532567925225067e+02
7.437542085992339480e+02
7.437549820263594711e+02
7.437550099900400937e+02
7.437552552193376414e+02
7.437554195577547489e+02
7.437555970254184103e+02
7.437575507449414545e+02
7.437593191044749119e+02
7.437594127919403491e+02
7.437630878904885776e+02
7.437645214502795170e+02
7.437647365968242639e+02
7.437648163364251559e+02
7.437667899414424255e+02
7.437668924199402909e+02
7.437679988869195995e+02
7.437687594502126558e+02
7.437688428403461103e+02
7.437692909937948116e+02
7.437708652741353035e+02
7.437722057986379696e+02
7.437782113765985059e+02
7.437795671083665638e+02
7.437819772432316086e+02
7.437828533975093706e+02
7.437831148610067658e+02
7.437836685171015461e+02
7.437859678361661508e+02
7.437898488762667739e+02
7.437899571262765903e+02
7.437911241493014813e+02
7.437931378500610435e+02
7.437935912392466662e+02
7.437949801876129641e+02
7.440601856308800279e+02
7.438086819623229076e+02
7.444504533717110917e+02
7.444504533717110917e+02
7.446338836980107772e+02
7.446338836980107772e+02
7.440369911507261804e+02
7.438011578179191474e+02
7.440774614869573043e+02
7.439902692272054310e+02
7.440948717318514127e+02
7.443203996245799772e+02
7.443203996245799772e+02
7.440589909732254910e+02
7.441009703239673172e+02
7.440983964661464825e+02
7.440983964661464825e+02
7.439567612064955711e+02
7.446852880484415209e+02
7.446852880484415209e+02
7.439225707188553542e+02
7.440038806135811456e+02
7.444096594970728802e+02
7.444096594970728802e+02
7.442387030002828396e+02
7.439684682827289635e+02
7.440075007811738033e+02
7.443993590673443350e+02
7.443993590673443350e+02
7.440137589661018183e+02
7.442830653614078074e+02
7.440487827879476299e+02
7.442612638776099629e+02
7.442612638776099629e+02
7.446019402593913128e+02
7.446019402593913128e+02
7.442594069336752227e+02
7.441308394473236376e+02
7.443994749021043162e+02
7.443994749021043162e+02
7.439760374750219398e+02
7.438890376628440890e+02
7.439041540588434600e+02
7.440329368536641823e+02
7.438504861433193582e+02
7.439674084054539662e+02
7.442581881376519277e+02
7.442329574309547979e+02
7.442329574309547979e+02
7.440412112352940994e+02
7.445690438099870789e+02
7.445690438099870789e+02
7.442739700899112449e+02
7.442156838364498981e+02
7.442156838364498981e+02
7.440620789297678357e+02
7.438829670902754287e+02
7.439152961335995542e+02
7.439224792606614756e+02
7.440485164189717580e+02
7.439249796761311018e+02
7.441729277622617929e+02
7.441729277622617929e+02
7.439585813768517255e+02
7.439177331570961087e+02
7.442549614030126577e+02
7.442517187124825568e+02
7.442517187124825568e+02
7.442199127752975301e+02
7.443939368679829158e+02
7.443939368679829158e+02
7.444463937655040127e+02
7.444463937655040127e+02
7.441291141487571394e+02
7.441291141487571394e+02
7.438823623669568406e+02
7.438285200950352873e+02
7.439111998829539516e+02
7.442815783004181185e+02
7.442815783004181185e+02
7.446556273367800713e+02
7.446556273367800713e+02
7.438223601616059568e+02
7.444514292237042810e+02
7.444514292237042810e+02
7.441860247675123219e+02
7.439463412217897940e+02
7.440742473785851416e+02
7.442262507510793057e+02
7.442262507510793057e+02
7.439020278618872908e+02
7.439636712677527157e+02
7.440902725663892170e+02
7.439881289383653211e+02
7.439634473056579509e+02
7.438660911006571723e+02
7.439216815927230755e+02
7.442050765167051622e+02
7.448698389783174889e+02
7.448698389783174889e+02
7.442595674238821175e+02
7.442595674238821175e+02
7.440775772917871791e+02
7.442315025017802554e+02
7.443325778009427722e+02
7.443325778009427722e+02
7.442781923568441016e+02
7.442526424719762872e+02
7.443883347387122740e+02
7.443883347387122740e+02
7.442399285336189223e+02
7.442231004467961384e+02
7.442231004467961384e+02
7.439258530931382438e+02
7.442559033751466586e+02
7.442948847027545298e+02
7.440586784749302751e+02
7.440586784749302751e+02
7.441511927021123256e+02
7.443956997744338651e+02
7.443956997744338651e+02
7.440080509406137708e+02
7.438905547985565363e+02
7.442961844880219360e+02
7.446630264774657917e+02
7.446630264774657917e+02
7.443520074726393432e+02
7.443520074726393432e+02
7.447989505929593861e+02
7.447989505929593861e+02
7.439448379729579983e+02
7.442022319160103052e+02
7.439457401432586039e+02
7.445910925562741340e+02
7.445910925562741340e+02
7.440266102499012959e+02
7.440517123131553490e+02
7.441553449153880138e+02
7.438886342689909270e+02
7.438409188987069456e+02
7.441807717408994449e+02
7.442507675422831426e+02
7.442231317147134178e+02
7.442963081492334823e+02
7.443639286812805267e+02
7.438959893967730750e+02
7.438602012336639291e+02
7.438015058184759027e+02
7.442260704409775371e+02
7.438473858246723012e+02
7.438781649418192501e+02
7.444864942478551484e+02
7.444864942478551484e+02
7.438518737677813988e+02
7.442335274893858923e+02
7.438253980778333698e+02
7.441270720519694351e+02
7.440880299102271920e+02
7.440892401967173555e+02
7.448624143536527527e+02
7.448624143536527527e+02
7.438174836330008475e+02
7.444181535321554293e+02
7.444181535321554293e+02
7.446527210377064421e+02
7.446527210377064421e+02
7.441992820788667586e+02
7.441280092358282445e+02
7.441280092358282445e+02
7.441805877431244198e+02
7.439817374312688116e+02
7.444078864901669021e+02
7.444078864901669021e+02
7.440527214562415566e+02
7.441308790448005084e+02
7.438256666637566923e+02
7.438980575665784727e+02
7.445701295709460510e+02
7.445701295709460510e+02
7.443620037025568763e+02
7.443620037025568763e+02
7.445867146258261755e+02
7.445867146258261755e+02
7.440750760180869747e+02
7.442194044676440399e+02
7.448555582841748901e+02
7.448555582841748901e+02
7.438184004675968026e+02
7.444201822942103490e+02
7.444201822942103490e+02
7.442365154990709470e+02
7.442476951895358752e+02
7.445720787427628693e+02
7.445720787427628693e+02
7.444336602270529966e+02
7.442145735062624681e+02
7.442145735062624681e+02
7.447693926096966379e+02
7.447693926096966379e+02
7.440368608781907369e+02
7.446544064240382568e+02
7.446544064240382568e+02
7.440174162328729608e+02
7.438579137856685293e+02
7.440800153809254880e+02
7.438881377631480518e+02
7.441180778319015872e+02
7.439458363479584477e+02
7.438874078362650835e+02
7.446966494594364576e+02
7.446966494594364576e+02
7.445201335659546658e+02
7.441123160257031941e+02
7.442237630594530629e+02
7.441892513666654168e+02
7.438887031714627938e+02
7.439310661943093237e+02
7.438939988392140776e+02
7.440716533201157290e+02
7.445392083449079337e+02
7.445392083449079337e+02
7.439953040992322713e+02
7.439169295740642838e+02
7.444174656589852930e+02
7.442694151054532767e+02
7.442694151054532767e+02
7.439859452368463053e+02
7.439172472339040496e+02
7.445532165768182722e+02
7.445532165768182722e+02
7.440047340000274971e+02
7.438534792607835016e+02
7.442076630572057638e+02
7.442076630572057638e+02
7.439430542563142126e+02
7.441524510081186463e+02
7.438174583907409669e+02
7.442206565896159418e+02
7.438929291045596983e+02
7.440376373902681735e+02
7.444096979200189708e+02
7.444096979200189708e+02
7.445056211080028561e+02
7.444233862611782797e+02
7.443450699957343204e+02
7.439703632576879500e+02
7.442119564528223918e+02
7.445870886034738305e+02
7.445870886034738305e+02
7.444475987573059683e+02
7.444475987573059683e+02
7.446340032794443005e+02
7.446340032794443005e+02
7.438883558095269564e+02
7.441305225638493539e+02
7.445957589055363997e+02
7.445957589055363997e+02
7.439503189247558339e+02
7.440599808480955062e+02
7.439501061775580411e+02
7.445718863081726795e+02
7.445718863081726795e+02
7.444585229070391961e+02
7.444585229070391961e+02
7.446776495256431190e+02
7.446776495256431190e+02
7.445012422674250274e+02
7.445012422674250274e+02
7.441356507214590010e+02
7.440100346422192388e+02
7.441666717531247741e+02
7.440201319282200529e+02
7.445839747446176489e+02
7.445839747446176489e+02
7.443713908730824187e+02
7.438414758601791164e+02
7.442780054816221309e+02
7.442935879640851908e+02
7.440536378240235535e+02
7.442191975990290302e+02
7.442191975990290302e+02
7.442686306020933671e+02
7.445486125729638616e+02
7.445486125729638616e+02
7.438839152480205712e+02
7.443778551325489161e+02
7.442297523826982797e+02
7.440078597872500268e+02
7.440718850541416032e+02
7.444214219308374823e+02
7.446534039371756535e+02
7.446534039371756535e+02
7.441485648840351814e+02
7.441139979543130494e+02
7.440891719556973385e+02
7.438077434140648165e+02
7.447072222371900807e+02
7.447072222371900807e+02
7.440468972728261861e+02
7.439370335271705699e+02
7.439603536000180384e+02
7.438062799269696370e+02
7.440184332351979037e+02
7.440184332351979037e+02
7.439576855260593220e+02
7.446463014213177303e+02
7.446463014213177303e+02
7.439333613056676313e+02
7.438543335832733874e+02
7.438690311088631688e+02
7.445395696391259435e+02
7.445395696391259435e+02
7.444225443849579733e+02
7.440150348273083409e+02
7.440150348273083409e+02
7.443355210586506701e+02
7.439141721586793210e+02
7.446769342259642599e+02
7.446769342259642599e+02
7.438313548009969054e+02
7.439542831684929070e+02
7.438678213955901128e+02
7.442690228138560542e+02
7.440819508153747392e+02
7.440819508153747392e+02
7.445291206681082485e+02
7.445291206681082485e+02
7.444400463377029382e+02
7.438791137703534559e+02
7.444080729313292295e+02
7.444080729313292295e+02
7.447479906413313984e+02
7.447479906413313984e+02
7.443314831386481956e+02
7.443591724884536234e+02
7.443591724884536234e+02
7.442228835449204780e+02
7.438295666322278521e+02
7.444258168139978125e+02
7.444258168139978125e+02
7.442073230877980450e+02
7.442073230877980450e+02
7.444323006231102227e+02
7.442683269010090044e+02
7.442683269010090044e+02
7.445824846786503031e+02
7.445824846786503031e+02
7.443125529251580019e+02
7.443125529251580019e+02
7.440211594332046161e+02
7.442886318971336550e+02
7.442886318971336550e+02
7.442186145514173177e+02
7.438109231556748000e+02
7.440931077002002212e+02
7.438712430858066682e+02
7.441096836329614916e+02
7.438520420417393098e+02
7.444199301195333192e+02
7.440187124289958547e+02
7.445688003753242583e+02
7.440745956736526523e+02
7.438814813633630365e+02
7.438852382048174832e+02
7.439533300364639672e+02
7.444042749354897524e+02
7.441531242966609625e+02
7.440594012894431444e+02
7.438377774568087943e+02
7.441675862390806060e+02
7.438497976119181203e+02
7.438989977739136066e+02
7.438911586107091125e+02
7.440074532353989980e+02
7.439172614625350661e+02
7.441794367503680405e+02
7.444144177520289531e+02
7.442842664615410513e+02
7.442208388824097938e+02
7.441994213726700309e+02
7.440293849586986425e+02
7.446254807134279190e+02
7.446254807134279190e+02
7.440281730072000528e+02
7.438550726955651271e+02
7.444984166821665212e+02
7.444984166821665212e+02
7.441825299560663325e+02
7.443965318876889796e+02
7.443965318876889796e+02
7.442912038749973362e+02
7.442912038749973362e+02
7.445804291312042551e+02
7.445804291312042551e+02
7.441163079234862607e+02
7.442979327133093648e+02
7.443442662092301134e+02
7.444488081467067104e+02
7.444488081467067104e+02
7.440437823828845012e+02
7.444212997079537217e+02
7.444212997079537217e+02
7.438373814293247506e+02
7.443428671798035339e+02
7.443428671798035339e+02
7.443348342162202016e+02
7.439933757495767850e+02
7.442549034277237752e+02
7.440505992581371402e+02
7.443270806689622532e+02
7.443270806689622532e+02
7.439396132048021855e+02
7.439167781834672724e+02
7.449036846980708333e+02
7.449036846980708333e+02
7.438099870074377122e+02
7.438054759076594564e+02
7.439726830576037173e+02
7.439675425317503823e+02
7.444158263025691440e+02
7.438570843943779209e+02
7.438219387444833046e+02
7.447126863070327545e+02
7.447126863070327545e+02
7.442251110336707143e+02
7.442251110336707143e+02
7.440318842791726865e+02
7.442682004934172255e+02
7.440170352316328035e+02
7.443531435108226333e+02
7.446357253975853610e+02
7.446357253975853610e+02
7.440539940034294659e+02
7.438465529113452703e+02
7.440347482402655714e+02
7.445988954899074770e+02
7.445988954899074770e+02
7.440499237482315493e+02
7.446199857233996227e+02
7.446199857233996227e+02
7.440961151422402509e+02
7.443353236104164807e+02
7.441168713985441627e+02
7.440254274040225937e+02
7.440583697977419888e+02
7.440583697977419888e+02
7.440744149782925660e+02
7.440161471793445571e+02
7.440432642986050951e+02
7.441119964035202656e+02
7.443102542256565357e+02
7.443310900822255007e+02
7.445182825477464803e+02
7.439103560186831601e+02
7.440275835964085900e+02
7.440275835964085900e+02
7.438045419902894082e+02
7.439187638552691624e+02
7.441222139480804572e+02
7.439690712411838831e+02
7.438965132537239242e+02
7.444486378150111250e+02
7.444486378150111250e+02
7.438668017040102995e+02
7.441921389326496410e+02
7.441921389326496410e+02
7.444107777286731107e+02
7.439342028832911637e+02
7.438872197047253394e+02
7.443695112233116333e+02
7.438421530081755009e+02
7.445993439513545127e+02
7.445993439513545127e+02
7.439104170027369491e+02
7.439722394416547786e+02
7.438357882821201201e+02
7.441772981193740861e+02
7.441772981193740861e+02
7.440658623241469058e+02
7.438221472837675492e+02
7.443203395030407137e+02
7.442710771298053487e+02
7.438490643846203056e+02
7.446234858748267698e+02
7.446234858748267698e+02
7.439266308000775325e+02
7.440524306872200668e+02
7.447508959746522805e+02
7.447508959746522805e+02
7.447111726969384335e+02
7.447111726969384335e+02
7.447111726969384335e+02
7.439288429825364801e+02
7.439997092165795038e+02
7.439997092165795038e+02
7.442579120901172018e+02
7.442579120901172018e+02
7.442176840111470710e+02
7.442176840111470710e+02
7.443901215753869565e+02
7.438922358581525032e+02
7.443848086567492146e+02
7.442806252519650343e+02
7.439095181824923202e+02
7.446517323187207467e+02
7.446517323187207467e+02
7.439579842169019912e+02
7.441974874117391892e+02
7.443153334520126236e+02
7.442157671528838137e+02
7.442157671528838137e+02
7.441930765386774738e+02
7.441930765386774738e+02
7.448657234757633887e+02
7.448657234757633887e+02
7.448657234757633887e+02
7.443947708608468474e+02
7.440162408496221360e+02
7.441957216717762549e+02
7.443065116841577264e+02
7.440281371056870512e+02
7.439298289160036575e+02
7.440293547375508751e+02
7.440293547375508751e+02
7.439041393190537974e+02
7.438313130635485777e+02
7.442531913170737425e+02
7.439636857235220759e+02
7.442824040452213694e+02
7.440067106289576486e+02
7.441650891792849052e+02
7.438761457518161251e+02
7.440861681780683057e+02
7.441913572942499968e+02
7.441913572942499968e+02
7.444070164638329743e+02
7.444070164638329743e+02
7.441649683636744612e+02
7.438090412208093767e+02
7.440886631637242772e+02
7.446677960249332955e+02
7.446677960249332955e+02
7.441660203870849273e+02
7.441660203870849273e+02
7.441044828291398971e+02
7.442621494976170879e+02
7.439396465600989359e+02
7.441797677877725619e+02
7.441797677877725619e+02
7.438107645075327810e+02
7.443325537438591937e+02
7.441615550022078196e+02
7.441396904512705532e+02
7.441396904512705532e+02
7.446651011494692511e+02
7.446651011494692511e+02
7.438286708519384547e+02
7.440203119537671910e+02
7.447079501895993872e+02
7.447079501895993872e+02
7.447079501895993872e+02
7.444198134082388378e+02
7.444198134082388378e+02
7.439285465510330368e+02
7.441490179650659229e+02
7.445080604359291101e+02
7.437990088238019553e+02
7.441589499539913959e+02
7.441589499539913959e+02
7.440735563260298022e+02
7.441743781719044364e+02
7.447010407051317316e+02
7.447010407051317316e+02
7.442238697481699319e+02
7.442238697481699319e+02
7.441700679997051111e+02
7.440417590908399461e+02
7.442716896592303328e+02
7.438337256277321785e+02
7.438978738771867256e+02
7.439234525569784182e+02
7.444493894282650217e+02
7.444493894282650217e+02
7.439758833834081315e+02
7.442126471919775668e+02
7.438451099877515844e+02
7.439060652239115825e+02
7.438888951944358041e+02
7.445308939752195556e+02
7.445308939752195556e+02
7.442775781180653212e+02
7.440315151013452351e+02
7.438107642442332690e+02
7.438947490311337560e+02
7.444004497160555047e+02
7.440290190780410740e+02
7.440506104250362114e+02
7.442508581002307437e+02
7.444228414634000046e+02
7.444228414634000046e+02
7.441232678947097838e+02
7.443819955270121227e+02
7.443819955270121227e+02
7.439486114079543313e+02
7.438473763374512373e+02
7.438650808393257421e+02
7.444474756256366845e+02
7.443629955166281889e+02
7.443629955166281889e+02
7.443610870714433077e+02
7.439644264304629360e+02
7.438861988097720541e+02
7.443216119453420561e+02
7.440078145353127184e+02
7.441161149233698779e+02
7.442543382309830804e+02
7.442543382309830804e+02
7.439088052956645924e+02
7.441817186591625841e+02
7.439228473948689953e+02
7.438543271274095332e+02
7.443811515929962752e+02
7.443811515929962752e+02
7.444825564458894860e+02
7.443446919194325346e+02
7.442059424726652423e+02
7.439929666846404643e+02
7.441497207744924935e+02
7.440854136007837951e+02
7.444117827629911517e+02
7.444117827629911517e+02
7.439390911047636337e+02
