# loglike
7.243109978744040518e+02
7.270219321434277617e+02
7.280904606828681835e+02
7.287189462359337995e+02
7.289543931681505455e+02
7.290477798312338109e+02
7.291627150485877564e+02
7.292412438042159692e+02
7.300263251310032047e+02
7.305839284028243128e+02
7.310103640323674199e+02
7.314733796451062062e+02
7.314739935034295968e+02
7.316627103428503460e+02
7.318362896423001303e+02
7.319424877385415584e+02
7.320828371852927603e+02
7.321694631181885597e+02
7.324102018089749890e+02
7.326779052853080429e+02
7.326935417897220759e+02
7.329298642676681084e+02
7.330340418837480456e+02
7.330840478903528492e+02
7.331363218376925488e+02
7.331610219577943326e+02
7.332096163585414388e+02
7.332553017450920834e+02
7.332566056126128160e+02
7.333814102678059044e+02
7.334168867201627791e+02
7.334428667259837766e+02
7.334883523658028253e+02
7.334902040195102018e+02
7.336864864994038271e+02
7.337413324191331867e+02
7.337668904497885478e+02
7.338295688507008663e+02
7.338878595315322855e+02
7.339532921084734198e+02
7.339768324183190771e+02
7.340193008732093176e+02
7.340284966989539726e+02
7.340482048331135729e+02
7.340535139928859962e+02
7.341177362401987239e+02
7.342082660075477634e+02
7.342294201866714047e+02
7.342344501851522409e+02
7.342905399146030732e+02
7.343285092138032724e+02
7.343603608403482212e+02
7.343604835563660345e+02
7.343992885319460129e+02
7.344121681192590358e+02
7.344121955100366677e+02
7.344126767490135990e+02
7.344320837856957951e+02
7.344457531731505924e+02
7.344856647392406330e+02
7.345181194536104385e+02
7.345226522238455118e+02
7.345287138042298238e+02
7.345389550188921248e+02
7.345579845216861941e+02
7.345844556373592695e+02
7.346331370467493116e+02
7.346424734394490770e+02
7.346488517239682778e+02
7.346491622391455394e+02
7.346665615632049366e+02
7.346793709440179327e+02
7.346836193476877952e+02
7.347233815811240447e+02
7.347332489506544562e+02
7.347719683707019840e+02
7.347929860426435198e+02
7.348160976975385665e+02
7.348700310447318316e+02
7.348713710629765501e+02
7.348777178837984820e+02
7.348831699496583951e+02
7.348971126879023359e+02
7.349009482737401413e+02
7.349196510841028385e+02
7.349315291724939243e+02
7.349700491873322790e+02
7.349980521222753396e+02
7.350025740559658516e+02
7.350306092101017157e+02
7.350783018879575366e+02
7.350893896613594052e+02
7.350918464636644103e+02
7.351482214959263501e+02
7.351524394535754254e+02
7.351627755079266535e+02
7.352184602919610370e+02
7.352267232021227983e+02
7.352384079754363029e+02
7.352637357596208858e+02
7.352836482453664075e+02
7.352899926919790232e+02
7.352907570038983067e+02
7.353021375133171205e+02
7.353075541414306144e+02
7.353211458462424162e+02
7.353421692564820660e+02
7.353448741015246242e+02
7.353454302493614705e+02
7.353544989342452709e+02
7.353595981834204167e+02
7.353675608578270158e+02
7.353810402674367879e+02
7.353820421572262376e+02
7.354245128615569911e+02
7.354286787525409181e+02
7.354350181616547388e+02
7.354351220314504189e+02
7.354631328284634719e+02
7.354958674955453262e+02
7.354958851344867981e+02
7.355146237207397917e+02
7.355752166659664226e+02
7.355770884736439257e+02
7.355884909472988511e+02
7.355952691724372698e+02
7.355978361622015882e+02
7.356031136396968577e+02
7.356215749062071154e+02
7.356274228760955793e+02
7.356450359269394994e+02
7.356454012931566240e+02
7.356475598171726915e+02
7.356723618872728139e+02
7.356836434480932212e+02
7.356839300653168721e+02
7.356877561770137390e+02
7.356934636875732849e+02
7.356970813191900334e+02
7.357127308559207677e+02
7.357149597836136081e+02
7.357288011186614085e+02
7.357326128216501502e+02
7.357376235388680925e+02
7.357498087627591303e+02
7.357505501951249016e+02
7.357519184392616580e+02
7.357759810685460025e+02
7.357843135268892638e+02
7.358165843262098633e+02
7.358311403613578250e+02
7.358317257157850690e+02
7.358358724556441075e+02
7.358364872807082975e+02
7.358438852013501901e+02
7.358584916885457687e+02
7.358749650701303153e+02
7.358788783875422723e+02
7.358834835851655498e+02
7.358939260336343295e+02
7.358988717508209447e+02
7.358999435590953908e+02
7.359107896347011319e+02
7.359109554273753702e+02
7.359120569465164863e+02
7.359323648979940344e+02
7.359444524440147006e+02
7.359472536291335700e+02
7.359661121802204207e+02
7.359741598869430845e+02
7.359821830602526234e+02
7.359876508918816853e+02
7.359941175582301867e+02
7.360027183260460788e+02
7.360044541132773475e+02
7.360060317663485421e+02
7.360064766622623438e+02
7.360112862467602781e+02
7.360382857000389549e+02
7.360410976940995624e+02
7.360468347142490302e+02
7.360497768895547779e+02
7.360507377814616348e+02
7.360528095551504748e+02
7.360588545845670296e+02
7.360589598053761620e+02
7.360612314706563666e+02
7.360619142790679916e+02
7.360671141628429268e+02
7.360717218273374556e+02
7.360725048356010802e+02
7.360731799789994056e+02
7.360846543289200099e+02
7.360895150934178446e+02
7.360976964569713346e+02
7.361032234762632243e+02
7.361058719676991586e+02
7.361086712202983335e+02
7.361108632543277963e+02
7.361129215154215899e+02
7.361242750458897035e+02
7.361351201528977981e+02
7.361393825116871312e+02
7.361424465347940895e+02
7.361433784094714383e+02
7.361587119864203714e+02
7.361666792798664574e+02
7.361746862038056634e+02
7.361963312078389663e+02
7.362182031959192727e+02
7.362209439447638033e+02
7.362245289868791360e+02
7.362354525231889966e+02
7.362516209997716032e+02
7.362544938624189399e+02
7.362598341108403019e+02
7.362812237171826837e+02
7.362822026483611353e+02
7.362920114193881318e+02
7.363019948632494334e+02
7.363025813008239311e+02
7.363178125421945879e+02
7.363242944035422397e+02
7.363421408513984261e+02
7.363608871323583571e+02
7.363703530642324040e+02
7.363811196768406262e+02
7.364152598845116700e+02
7.364194296804585065e+02
7.364487045287206683e+02
7.364614340239025978e+02
7.364741537591478391e+02
7.364938195928266396e+02
7.365013398630424035e+02
7.365035009318208949e+02
7.365041101894448730e+02
7.365053422378015284e+02
7.365338423690303671e+02
7.365468713230656022e+02
7.365656427491547902e+02
7.365737708544646694e+02
7.365764399660337176e+02
7.365790227013615095e+02
7.365838414889441310e+02
7.365880623759743457e+02
7.365970513601531593e+02
7.366016795751072550e+02
7.366031874776590485e+02
7.366081305852039804e+02
7.366144588874432202e+02
7.366222066811458262e+02
7.366271317906479226e+02
7.366354996360186078e+02
7.366426943990219343e+02
7.366446283779456508e+02
7.366512323850159873e+02
7.366522128737070716e+02
7.366718243419574037e+02
7.366849251400136609e+02
7.366932808112948123e+02
7.367054832371707107e+02
7.367115593976652690e+02
7.367238859415899697e+02
7.367258045771701518e+02
7.367290126217732222e+02
7.367300491232551849e+02
7.367370699059144954e+02
7.367449250763469308e+02
7.367454069951277233e+02
7.367480121761633427e+02
7.367528018786646271e+02
7.367590537643992548e+02
7.367597476015064331e+02
7.367672885893463217e+02
7.367791704861452899e+02
7.367891333274635599e+02
7.367943562275670502e+02
7.367985401248350854e+02
7.368010364944281037e+02
7.368035730888159378e+02
7.368043139734980969e+02
7.368070144304920177e+02
7.368092668899058708e+02
7.368114096101495534e+02
7.368201453286145579e+02
7.368325268969115314e+02
7.368354759266070459e+02
7.368357472276192084e+02
7.368360495214772072e+02
7.368379218704204732e+02
7.368450559974781982e+02
7.368489056060192297e+02
7.368565347369107030e+02
7.368581623069648003e+02
7.368622651241141739e+02
7.368637342615143098e+02
7.368647815188656978e+02
7.368702848946247741e+02
7.368706860356484185e+02
7.368752889877468988e+02
7.368807037817790615e+02
7.368840919814927020e+02
7.368861764740782974e+02
7.368938618716316569e+02
7.369006763719213495e+02
7.369028129842497492e+02
7.369047060415334727e+02
7.369056770009173079e+02
7.369083769451464150e+02
7.369088731887728727e+02
7.369099155326455275e+02
7.369113058417754019e+02
7.369219163274846096e+02
7.369240549041576287e+02
7.369288061400047809e+02
7.369378049314110513e+02
7.369501592629372908e+02
7.369641167904773056e+02
7.369682295577400737e+02
7.369730784052313766e+02
7.369745722321505355e+02
7.369889220466668576e+02
7.369906834053462035e+02
7.370012496624788128e+02
7.370027613966782383e+02
7.370047149120106269e+02
7.370070116098819426e+02
7.370086703777253661e+02
7.370112894504252381e+02
7.370115308034223744e+02
7.370128174909541485e+02
7.370233491422205816e+02
7.370235319498199260e+02
7.370258112627873288e+02
7.370283818254292783e+02
7.370303986434332728e+02
7.370315056436071472e+02
7.370319833687508435e+02
7.370329364310097162e+02
7.370371937679713028e+02
7.370427497458449579e+02
7.370429278927139194e+02
7.370544202724296383e+02
7.370624488406081127e+02
7.370636423260637002e+02
7.370787758478816158e+02
7.370889214011255035e+02
7.370987796852089105e+02
7.371018955945612561e+02
7.371056791778894421e+02
7.371098473315862520e+02
7.371107827540398603e+02
7.371164729472636736e+02
7.371299246065581201e+02
7.371434414482814645e+02
7.371551649308485139e+02
7.371578484003603080e+02
7.371602327382379372e+02
7.371621013044562005e+02
7.371626731035245257e+02
7.371629465380748343e+02
7.371699347054202462e+02
7.371776869413587292e+02
7.371779559559333848e+02
7.371817376935310904e+02
7.371885380204608964e+02
7.371966003033497827e+02
7.371968027410869126e+02
7.371975896930528052e+02
7.372009737260078737e+02
7.372041941997920276e+02
7.372065884711214494e+02
7.372067019033659108e+02
7.372111059747181798e+02
7.372145900941401351e+02
7.372352214327457887e+02
7.372392253590098790e+02
7.372505779216852488e+02
7.372781000442262211e+02
7.372796489148780665e+02
7.372798843362230627e+02
7.372818846431948714e+02
7.372833331296654933e+02
7.372938470075177975e+02
7.373074403431666042e+02
7.373078143703959313e+02
7.373084785336654932e+02
7.373114050796388028e+02
7.373149231016167278e+02
7.373250260758499053e+02
7.373274187148687133e+02
7.373283194523129396e+02
7.373284565814780080e+02
7.373317207482158437e+02
7.373352579417482957e+02
7.373511920832123678e+02
7.373515617575992565e+02
7.373724382114245373e+02
7.373749087480659909e+02
7.373784895366649152e+02
7.373826322860334130e+02
7.373866657661778845e+02
7.373869956922139863e+02
7.373899214842770107e+02
7.373937285787884548e+02
7.373958293792122731e+02
7.374016486059812223e+02
7.374029613209555691e+02
7.374056149277598706e+02
7.374076107354762826e+02
7.374082734530239804e+02
7.374142208236002034e+02
7.374195644458357037e+02
7.374230870535008080e+02
7.374318879698989804e+02
7.374362287755076295e+02
7.374375039798233047e+02
7.374431253479527868e+02
7.374445810501167671e+02
7.374471703947554033e+02
7.374472059699254487e+02
7.374548127358756346e+02
7.374607809289400393e+02
7.374616164224657950e+02
7.374769501691779396e+02
7.374810058148480039e+02
7.374825035053779629e+02
7.374854169737283200e+02
7.374907265848404450e+02
7.374910452962496947e+02
7.374923093841988475e+02
7.374971720094127932e+02
7.374976955319368699e+02
7.374980321989880849e+02
7.375020877160817463e+02
7.375046174598564903e+02
7.375057408709532183e+02
7.375211773760081542e+02
7.375223438530412068e+02
7.375282912270446332e+02
7.375286159453291930e+02
7.375375011987632661e+02
7.375387016913711022e+02
7.375413469301747682e+02
7.375452963628304133e+02
7.375477165892780249e+02
7.375583116510787249e+02
7.375664778789579259e+02
7.375711299230038094e+02
7.375712510995358571e+02
7.375722703952336587e+02
7.375880867461461321e+02
7.375882801559899917e+02
7.375897006206166679e+02
7.375922535810464069e+02
7.375963541723797334e+02
7.375996667526319470e+02
7.376045457939330845e+02
7.376065154105249349e+02
7.376081452331521859e+02
7.376160529290996237e+02
7.376179912054690249e+02
7.376310691607405943e+02
7.376330047463814026e+02
7.376386940752017836e+02
7.376575178370086405e+02
7.376606095552015177e+02
7.376707579249351738e+02
7.376782308414369709e+02
7.376856223951740503e+02
7.376866190768714659e+02
7.376893278987139411e+02
7.376909617310585645e+02
7.377022854716943812e+02
7.377029349176834785e+02
7.377064649374955252e+02
7.377065660617440699e+02
7.377135240440551343e+02
7.377216114762943562e+02
7.377229124411852581e+02
7.377257251410954950e+02
7.377319529004317928e+02
7.377367537999451770e+02
7.377406942963352776e+02
7.377453868651167568e+02
7.377553233580727010e+02
7.377567723755460065e+02
7.377589252239232565e+02
7.377620745291500270e+02
7.377738964035145273e+02
7.377763898668395086e+02
7.377818477832497592e+02
7.377871288487349375e+02
7.377885704097014923e+02
7.377907683051156482e+02
7.378011200856763026e+02
7.378020679177143393e+02
7.378078879906954626e+02
7.378094130831111670e+02
7.378161878672412968e+02
7.378195799546228955e+02
7.378239785554865193e+02
7.378261566796971920e+02
7.378265896659945611e+02
7.378282680426136722e+02
7.378391763955886518e+02
7.378527637971332069e+02
7.378544934380352061e+02
7.378575427824798680e+02
7.378646975572543170e+02
7.378716147372128944e+02
7.378717670133386264e+02
7.378742573910942610e+02
7.378868634312195809e+02
7.378890778084078192e+02
7.378916356181736091e+02
7.378983802520507425e+02
7.379016123665655869e+02
7.379109344553620531e+02
7.379140731937566215e+02
7.379191972478986372e+02
7.379205586332533358e+02
7.379248770724512951e+02
7.379250735602821578e+02
7.379264214836011888e+02
7.379274441529258866e+02
7.379278186783160436e+02
7.379309281298729957e+02
7.379365370689245083e+02
7.379418202937247315e+02
7.379458080045275210e+02
7.379495127568013686e+02
7.379508866465495203e+02
7.379517426171910301e+02
7.379580258874136689e+02
7.379580396959987638e+02
7.379648537216819477e+02
7.379651660690907420e+02
7.379670511870690461e+02
7.379691376482953729e+02
7.379839703645310465e+02
7.379873468938147880e+02
7.379898416035874789e+02
7.379933132949089440e+02
7.379961955043612534e+02
7.380046410528445904e+02
7.380053750964482333e+02
7.380120078571916338e+02
7.380141741725989277e+02
7.380168847991990333e+02
7.380202066366884992e+02
7.380209423878640109e+02
7.380259062854634067e+02
7.380263830410634682e+02
7.380272963169160221e+02
7.380395406876498328e+02
7.380401074333656197e+02
7.380426796797611360e+02
7.380490369043313876e+02
7.380504277823747543e+02
7.380505321711301576e+02
7.380528846130555394e+02
7.380548684187891695e+02
7.380586780683890993e+02
7.380634275821405481e+02
7.380650044081824035e+02
7.380703574769893294e+02
7.380710065922341983e+02
7.380717976196606287e+02
7.380721025669923847e+02
7.380763482961501722e+02
7.380778114799227296e+02
7.380806200058424338e+02
7.380839557822336019e+02
7.380845535172049949e+02
7.380911950088836875e+02
7.380973303532967975e+02
7.381008144093932515e+02
7.381038239575386797e+02
7.381064575826127339e+02
7.381086972445443735e+02
7.381104741029155321e+02
7.381145866068929990e+02
7.381163724962262904e+02
7.381172495194673502e+02
7.381201394422289468e+02
7.381223608643284706e+02
7.381265376386257913e+02
7.381277171945613418e+02
7.381294256025489631e+02
7.381294425282077327e+02
7.381312778831437527e+02
7.381322920719154581e+02
7.381330345168364602e+02
7.381368787550488832e+02
7.381416117054003507e+02
7.381457245437986785e+02
7.381474643985642388e+02
7.381483215107978140e+02
7.381506044226423455e+02
7.381531367208821166e+02
7.381539762926119010e+02
7.381578078406130317e+02
7.381596347800606281e+02
7.381607539400433780e+02
7.381608001407450956e+02
7.381635195039600603e+02
7.381685930395364039e+02
7.381713744439362017e+02
7.381745206518367013e+02
7.381852976140323790e+02
7.381876291788838671e+02
7.381963359918080414e+02
7.382056682299042905e+02
7.382072776392076321e+02
7.382102340681120722e+02
7.382144459884057142e+02
7.382149135824448649e+02
7.382149135824448649e+02
7.382151703599778330e+02
7.382158483698225382e+02
7.382164374644477220e+02
7.382177113335659442e+02
7.382209983572035981e+02
7.382217741620141851e+02
7.382234787015094071e+02
7.382238004818611898e+02
7.382240322540744728e+02
7.382257435809009394e+02
7.382287024035641707e+02
7.382337341359406082e+02
7.382365017426766371e+02
7.382369463836241721e+02
7.382375263140426114e+02
7.382375561457293998e+02
7.382485730200750140e+02
7.382550576712786778e+02
7.382571124728186760e+02
7.382571124728186760e+02
7.382595880087260412e+02
7.382605623785493663e+02
7.382605623785493663e+02
7.382641964169226867e+02
7.382668059776897280e+02
7.382697093800502444e+02
7.382754478793076487e+02
7.382774410556507974e+02
7.382792064074811833e+02
7.382793868043120256e+02
7.382801386012079092e+02
7.382801386012079092e+02
7.382850830634209842e+02
7.382861417131549615e+02
7.382877575603000651e+02
7.382916555981579450e+02
7.382919588519248464e+02
7.382929612357609130e+02
7.382945750151509401e+02
7.382963798903750785e+02
7.382968917803100339e+02
7.383003566968939140e+02
7.383005445294869560e+02
7.383029627524831540e+02
7.383029627524831540e+02
7.383045709668892869e+02
7.383058548081128265e+02
7.383066043418422169e+02
7.383114260224680265e+02
7.383161455862873481e+02
7.383318149219995803e+02
7.383332924021799499e+02
7.383350826710287720e+02
7.383373530221234660e+02
7.383374989669682691e+02
7.383394675534092357e+02
7.383406736321039716e+02
7.383517579018407559e+02
7.383545948656990277e+02
7.383563505049871765e+02
7.383605870562819291e+02
7.383627657336531911e+02
7.383650302607545655e+02
7.383658101470209658e+02
7.383681113004746521e+02
7.383704054701404402e+02
7.383740107380145901e+02
7.383854399783660938e+02
7.383956278110194944e+02
7.383967838809251134e+02
7.383968554447486667e+02
7.383989016404813128e+02
7.384051962595896157e+02
7.384129145649129669e+02
7.384134440281369507e+02
7.384141268673965897e+02
7.384171697402057362e+02
7.384183123714921066e+02
7.384203244351582498e+02
7.384233214828329892e+02
7.384241193768708627e+02
7.384244004720926569e+02
7.384244004720926569e+02
7.384258792055787808e+02
7.384261994779944871e+02
7.384277564747418410e+02
7.384335684577531538e+02
7.384345458224920549e+02
7.384352607921052822e+02
7.384362744384370671e+02
7.384387512551568307e+02
7.384388178770180957e+02
7.384399094479721271e+02
7.384405174887151588e+02
7.384413257518225464e+02
7.384496691560610770e+02
7.384501748108357333e+02
7.384513272606762939e+02
7.384513272606762939e+02
7.384539741339119701e+02
7.384553534708642246e+02
7.384553534708642246e+02
7.384570810532036376e+02
7.384570810532036376e+02
7.384606493840854000e+02
7.384608168976126308e+02
7.384708290663693333e+02
7.384746805381984132e+02
7.384750277101952634e+02
7.384781512759266207e+02
7.384785028336875712e+02
7.384811444337863122e+02
7.384811444337863122e+02
7.384812499109085593e+02
7.384854871047666620e+02
7.384884140227713942e+02
7.384884729762447932e+02
7.384919131213246146e+02
7.384919131213246146e+02
7.384944977407645865e+02
7.384944982637708790e+02
7.384951077293355866e+02
7.384951694314631823e+02
7.384956976788769225e+02
7.384962482133275898e+02
7.384981869855436116e+02
7.385016100485079278e+02
7.385016100485079278e+02
7.385044194427540560e+02
7.385056397435170084e+02
7.385073098840369994e+02
7.385089079963933045e+02
7.385097192314032100e+02
7.385160778590457085e+02
7.385179549225771325e+02
7.385194864125352296e+02
7.385217801642006634e+02
7.385246802879096322e+02
7.385274507845738299e+02
7.385289710725862733e+02
7.385327096062655983e+02
7.385332285772246905e+02
7.385409314829009872e+02
7.385474335409212472e+02
7.385479604978295356e+02
7.385487308947386964e+02
7.385523827464458009e+02
7.385524129562962798e+02
7.385535116170530046e+02
7.385598192278133638e+02
7.385611373070317995e+02
7.385642308682337216e+02
7.385790990099054625e+02
7.385791506791010761e+02
7.385797280863729384e+02
7.385823647580496072e+02
7.385827201363198355e+02
7.385838577638016886e+02
7.385898383250744246e+02
7.385898383250744246e+02
7.385914332700277782e+02
7.385931052797715211e+02
7.385937386361822519e+02
7.385937485079009548e+02
7.385937485079009548e+02
7.385953497731906054e+02
7.385955975749119489e+02
7.386012752937253936e+02
7.386076013247871970e+02
7.386271731171177635e+02
7.386284070082899689e+02
7.386313508357965247e+02
7.386313508357965247e+02
7.386347321486614419e+02
7.386347321486614419e+02
7.386400547608433271e+02
7.386414693539268228e+02
7.386418022438658681e+02
7.386428177250477347e+02
7.386467348802548258e+02
7.386467348802548258e+02
7.386480553228133203e+02
7.386536444189222266e+02
7.386553122119587442e+02
7.386553122119587442e+02
7.386566587416320999e+02
7.386585299983389632e+02
7.386593214847276840e+02
7.386643473133151474e+02
7.386652377414010289e+02
7.386652377414010289e+02
7.386667344229458649e+02
7.386676223256635012e+02
7.386692615942916973e+02
7.386705397264262274e+02
7.386729427778657282e+02
7.386741143174944000e+02
7.386744509746688436e+02
7.386766793819672330e+02
7.386771247813535410e+02
7.386776950540097459e+02
7.386876657290914636e+02
7.386879233032777847e+02
7.386885955663692584e+02
7.386889450690440526e+02
7.386889774470843122e+02
7.386929030585762348e+02
7.386933743039179490e+02
7.386933743039179490e+02
7.386941315912298478e+02
7.386956530127741871e+02
7.386971853688569354e+02
7.386978873129166914e+02
7.387009042289635090e+02
7.387043259655171141e+02
7.387086363658042956e+02
7.387124277546528219e+02
7.387131416862072228e+02
7.387208510482338397e+02
7.387246250948873012e+02
7.387246250948873012e+02
7.387287702457820160e+02
7.387287702457820160e+02
7.387298699720345212e+02
7.387330484162363291e+02
7.387362979453048411e+02
7.387424162461385322e+02
7.387475250164262661e+02
7.387479105757983007e+02
7.387504999389776685e+02
7.387508288859132790e+02
7.387531058157270536e+02
7.387566267367501496e+02
7.387566267367501496e+02
7.387580257474703558e+02
7.387634259676550528e+02
7.387648641405763783e+02
7.387714392243758539e+02
7.387734827112551557e+02
7.387751874542914265e+02
7.387802180949385047e+02
7.387829571662177841e+02
7.387845298133310052e+02
7.387848117638321810e+02
7.387848117638321810e+02
7.387867259611581403e+02
7.387870900341971492e+02
7.387875301390005234e+02
7.387897275558182173e+02
7.387908078412557416e+02
7.387908979652552262e+02
7.387925934453028276e+02
7.387958251930876941e+02
7.387996512180508262e+02
7.388001807220919090e+02
7.388028559116014549e+02
7.388034935491455144e+02
7.388050268381545038e+02
7.388055611989545923e+02
7.388055611989545923e+02
7.388084533289837736e+02
7.388094320015766243e+02
7.388094320015766243e+02
7.388129399521766345e+02
7.388129399521766345e+02
7.388141478433906286e+02
7.388147772633853947e+02
7.388184529554910114e+02
7.388215826948672884e+02
7.388215826948672884e+02
7.388240854369914814e+02
7.388250665498803755e+02
7.388250665498803755e+02
7.388267446182258027e+02
7.388281036282743344e+02
7.388293531682937783e+02
7.388334991348738185e+02
7.388340594668852646e+02
7.388340594668852646e+02
7.388459975769612811e+02
7.388483478877293464e+02
7.388504177269001048e+02
7.388533337873915343e+02
7.388541657848683144e+02
7.388541657848683144e+02
7.388556208736154076e+02
7.388567677508964380e+02
7.388609702936323629e+02
7.388670442125073805e+02
7.388672795626873722e+02
7.388714839554106675e+02
7.388719715020270087e+02
7.388775972522023494e+02
7.388803247329749411e+02
7.388803247329749411e+02
7.388829260651217510e+02
7.388829260651217510e+02
7.388867048315833017e+02
7.388867048315833017e+02
7.388883155352867789e+02
7.388883155352867789e+02
7.388893143750767649e+02
7.388894129401653572e+02
7.388894129401653572e+02
7.388921300321915169e+02
7.388921300321915169e+02
7.389033575844925963e+02
7.389046714443303472e+02
7.389061923756438546e+02
7.389082380034844846e+02
7.389114389219703298e+02
7.389133867743411201e+02
7.389164936217533750e+02
7.389181833912527964e+02
7.389196683960827841e+02
7.389196683960827841e+02
7.389197917257639574e+02
7.389215412784625414e+02
7.389267359042949010e+02
7.389283026784057711e+02
7.389316187672045544e+02
7.389327697578032712e+02
7.389335354579051227e+02
7.389335354579051227e+02
7.389351819340784004e+02
7.389366034682160489e+02
7.389415753604351949e+02
7.389442923092574347e+02
7.389457383446682570e+02
7.389460988918888233e+02
7.389497409591734822e+02
7.389530788119933504e+02
7.389554131468377136e+02
7.389590951321562216e+02
7.389590951321562216e+02
7.389601025122683495e+02
7.389604423486648557e+02
7.389632573707968959e+02
7.389656045911821138e+02
7.389675015282235790e+02
7.389675015282235790e+02
7.389706209897325380e+02
7.389706209897325380e+02
7.389730064225690285e+02
7.389742270754111360e+02
7.389742270754111360e+02
7.389759822990918110e+02
7.389769445073065981e+02
7.389810272349404840e+02
7.389827038532665711e+02
7.389827038532665711e+02
7.389858423028116476e+02
7.389874814032574477e+02
7.389878443494252451e+02
7.389901815882165010e+02
7.389930253627708225e+02
7.389931863592020136e+02
7.389967126060399778e+02
7.390003079955479279e+02
7.390019708938409622e+02
7.390059834689749323e+02
7.390098258559740998e+02
7.390103352834378256e+02
7.390130388537481849e+02
7.390144116004172474e+02
7.390144116004172474e+02
7.390156866217023435e+02
7.390162755190989401e+02
7.390162755190989401e+02
7.390172686945961686e+02
7.390172686945961686e+02
7.390188385789653012e+02
7.390307753068622105e+02
7.390314842187679005e+02
7.390318349587607827e+02
7.390320577921243057e+02
7.390324602154888680e+02
7.390332984707554260e+02
7.390386860110263569e+02
7.390411816314348243e+02
7.390411816314348243e+02
7.390465259409029386e+02
7.390465259409029386e+02
7.390480975203588514e+02
7.390481614905130527e+02
7.390487419722855975e+02
7.390487419722855975e+02
7.390499126556110241e+02
7.390500889179849082e+02
7.390612913520676557e+02
7.390613845532431014e+02
7.390645436536035504e+02
7.390647912724680282e+02
7.390695929460289335e+02
7.390698637948669329e+02
7.390698637948669329e+02
7.390714257699424934e+02
7.390727855217395472e+02
7.390755735697188129e+02
7.390755735697188129e+02
7.390783972211164610e+02
7.390789154959355756e+02
7.390789154959355756e+02
7.390790735386007100e+02
7.390790735386007100e+02
7.390799999040493731e+02
7.390799999040493731e+02
7.390832230393431246e+02
7.390832230393431246e+02
7.390836933863588456e+02
7.390883906409644624e+02
7.390883906409644624e+02
7.390891840836918618e+02
7.390917383375699501e+02
7.390946935040051358e+02
7.391005965189262952e+02
7.391018232397968859e+02
7.391021156425387062e+02
7.391037853089811733e+02
7.391075645044719522e+02
7.391125482358582985e+02
7.391125482358582985e+02
7.391153025534963490e+02
7.391165825536228340e+02
7.391220451210090232e+02
7.391308795221104901e+02
7.391354940558923090e+02
7.391365762047267935e+02
7.391365762047267935e+02
7.391386535966452129e+02
7.391386535966452129e+02
7.391394631911873603e+02
7.391419901667958356e+02
7.391428235411717651e+02
7.391538843989101224e+02
7.391625181458371117e+02
7.391633922208039849e+02
7.391634021099901020e+02
7.391650290214174674e+02
7.391650290214174674e+02
7.391669319059141117e+02
7.391669319059141117e+02
7.391695453003334251e+02
7.391726600750581611e+02
7.391735858637249521e+02
7.391740121720310981e+02
7.391740121720310981e+02
7.391786014765631307e+02
7.391864512944932812e+02
7.391905938376897893e+02
7.391905938376897893e+02
7.391978265447404510e+02
7.391985916481008871e+02
7.392005566528706595e+02
7.392010632716483087e+02
7.392010632716483087e+02
7.392046867133847172e+02
7.392082162782439809e+02
7.392082162782439809e+02
7.392107465659863692e+02
7.392108528758084276e+02
7.392108528758084276e+02
7.392112888694325648e+02
7.392124401238999098e+02
7.392138704758219774e+02
7.392138704758219774e+02
7.392143912729023896e+02
7.392176109667468609e+02
7.392177728953589622e+02
7.392177728953589622e+02
7.392178865371529355e+02
7.392180979959772458e+02
7.392192887343907159e+02
7.392192887343907159e+02
7.392203943544031972e+02
7.392227241905408164e+02
7.392227241905408164e+02
7.392232163990795470e+02
7.392244458549737374e+02
7.392251400847901550e+02
7.392251400847901550e+02
7.392275114868623405e+02
7.392285849506445174e+02
7.392298094912329134e+02
7.392321617329599803e+02
7.392351082436339311e+02
7.392351082436339311e+02
7.392354453186118235e+02
7.392364024435941019e+02
7.392382462646468184e+02
7.392384619055571875e+02
7.392389668868634089e+02
7.392389938602501616e+02
7.392409364475726079e+02
7.392466667011397021e+02
7.392475897656649977e+02
7.392485528302237299e+02
7.392501987042411429e+02
7.392519021312544965e+02
7.392524239391057108e+02
7.392543882633553949e+02
7.392545753108597637e+02
7.392545753108597637e+02
7.392562372027969104e+02
7.392624098653939200e+02
7.392649348524764719e+02
7.392661496909553307e+02
7.392675739670193025e+02
7.392693572855120010e+02
7.392693572855120010e+02
7.392700973073691557e+02
7.392700973073691557e+02
7.392728305926765415e+02
7.392739247074521245e+02
7.392741191245364689e+02
7.392758123060103799e+02
7.392760149286369824e+02
7.392777347688432883e+02
7.392789305563545668e+02
7.392794059334679559e+02
7.392809799856178188e+02
7.392822015175684101e+02
7.392822015175684101e+02
7.392829403270677631e+02
7.392833176393909298e+02
7.392861437350882170e+02
7.392861437350882170e+02
7.392866303985048262e+02
7.392889221189988120e+02
7.392908931694943249e+02
7.392912239913031271e+02
7.392953114345760923e+02
7.392987478896336597e+02
7.392992483659068057e+02
7.393009240222723975e+02
7.393009240222723975e+02
7.393083197371250890e+02
7.393087418450363657e+02
7.393087418450363657e+02
7.393104799656676960e+02
7.393110660449340230e+02
7.393133192821179591e+02
7.393133443304080856e+02
7.393143808318494621e+02
7.393147478163059532e+02
7.393194511109117002e+02
7.393227436077701213e+02
7.393227436077701213e+02
7.393233209928296219e+02
7.393233209928296219e+02
7.393236604989615444e+02
7.393243888498282104e+02
7.393254236324237354e+02
7.393255325563184215e+02
7.393263953427465367e+02
7.393309706643078698e+02
7.393319557471306780e+02
7.393330901484331434e+02
7.393330901484331434e+02
7.393435195889942406e+02
7.393435195889942406e+02
7.393437978631283158e+02
7.393437978631283158e+02
7.393444050818244477e+02
7.393446203459401431e+02
7.393458425608110929e+02
7.393464109733121177e+02
7.393468087375549658e+02
7.393468087375549658e+02
7.393469085115707458e+02
7.393478377920984030e+02
7.393482387642396816e+02
7.393482387642396816e+02
7.393493375492796531e+02
7.393535748852311826e+02
7.393539628472045706e+02
7.393539890699383932e+02
7.393559002987562963e+02
7.393577018929329370e+02
7.393596788223727572e+02
7.393622432316622053e+02
7.393622432316622053e+02
7.393655972737049069e+02
7.393667197948076364e+02
7.393707727385276485e+02
7.393708659366825486e+02
7.393711745895741387e+02
7.393742278587036481e+02
7.393799164061207421e+02
7.393813294618918235e+02
7.393813294618918235e+02
7.393833573318950130e+02
7.393864429582905586e+02
7.393884232326732899e+02
7.393887942693202149e+02
7.393887942693202149e+02
7.393911370273253851e+02
7.393911423092350788e+02
7.393950166199701926e+02
7.393973651762170221e+02
7.393973651762170221e+02
7.393988445639797646e+02
7.394006562118086094e+02
7.394010952394878586e+02
7.394031750749999219e+02
7.394032678139494692e+02
7.394032678139494692e+02
7.394041898002564039e+02
7.394046509982538282e+02
7.394046509982538282e+02
7.394135978767894812e+02
7.394147744397766928e+02
7.394149462377486088e+02
7.394156472172455778e+02
7.394164997991317705e+02
7.394167476933599801e+02
7.394175011834962561e+02
7.394184005970552107e+02
7.394207343641643320e+02
7.394240753252859122e+02
7.394247270818451625e+02
7.394275719927987893e+02
7.394306856331386371e+02
7.394307441714157676e+02
7.394346237788776079e+02
7.394366759771509123e+02
7.394369597727063592e+02
7.394399041754431892e+02
7.394399041754431892e+02
7.394399824112265378e+02
7.394425579184189701e+02
7.394457132121057157e+02
7.394468869017113093e+02
7.394481989757432530e+02
7.394494703573292327e+02
7.394547551822931837e+02
7.394547551822931837e+02
7.394576122176512172e+02
7.394600231450365300e+02
7.394600550521921605e+02
7.394604074229970365e+02
7.394617955047923488e+02
7.394651101383616378e+02
7.394693536901447715e+02
7.394740563644406848e+02
7.394789065946451956e+02
7.394801710254719183e+02
7.394801710254719183e+02
7.394803507231601998e+02
7.394823463074615120e+02
7.394836290361643023e+02
7.394845616365048500e+02
7.394869728947595604e+02
7.394884056346104444e+02
7.394914612115344426e+02
7.394935690943731288e+02
7.394935690943731288e+02
7.394941372208166968e+02
7.394947027282131558e+02
7.394947027282131558e+02
7.394962439401539314e+02
7.394962439401539314e+02
7.394981938298673185e+02
7.395020858741822849e+02
7.395036552764394173e+02
7.395105236981145254e+02
7.395108862436794652e+02
7.395139274821449362e+02
7.395141532073694179e+02
7.395152870553959019e+02
7.395156355055380573e+02
7.395182519758833450e+02
7.395244464022770217e+02
7.395259112426414276e+02
7.395259112426414276e+02
7.395267480601249872e+02
7.395289161257826436e+02
7.395290444715620879e+02
7.395294444364814126e+02
7.395304074248142570e+02
7.395323066599258937e+02
7.395403427900281486e+02
7.395425588539989121e+02
7.395442130478814988e+02
7.395445304315099975e+02
7.395445304315099975e+02
7.395491470858390812e+02
7.395558679221973080e+02
7.395575314320346934e+02
7.395588275833872558e+02
7.395598840066999173e+02
7.395606493983058272e+02
7.395608700044548414e+02
7.395609707405623112e+02
7.395622321171567819e+02
7.395623001728736199e+02
7.395644621736622639e+02
7.395657709660250703e+02
7.395657709660250703e+02
7.395662701900233742e+02
7.395666764745328692e+02
7.395676901400169072e+02
7.395685813924767444e+02
7.395695789901702710e+02
7.395695789901702710e+02
7.395707558113360847e+02
7.395716114116125937e+02
7.395729774260918248e+02
7.395741243432822785e+02
7.395775205032443864e+02
7.395810047120760373e+02
7.395815920678691100e+02
7.395855430785927638e+02
7.395855430785927638e+02
7.395858756828949936e+02
7.395864857785851427e+02
7.395864857785851427e+02
7.395875547133492773e+02
7.395875547133492773e+02
7.395908195627893065e+02
7.395912137619278610e+02
7.395930587669545275e+02
7.395943377867868094e+02
7.395964917990593221e+02
7.395991841517800367e+02
7.395998598581900296e+02
7.396027608477030526e+02
7.396034252600662739e+02
7.396037797642225087e+02
7.396043256227163738e+02
7.396050875180236517e+02
7.396050875180236517e+02
7.396069962540959750e+02
7.396073775236549181e+02
7.396117488797651731e+02
7.396129019679771091e+02
7.396129019679771091e+02
7.396131132064406302e+02
7.396144865277809686e+02
7.396144865277809686e+02
7.396161586940444295e+02
7.396197020844006147e+02
7.396210006764708851e+02
7.396213180921371304e+02
7.396216045605059435e+02
7.396234009822003372e+02
7.396248348839488926e+02
7.396271291130228747e+02
7.396286579032448572e+02
7.396307976562391104e+02
7.396307976562391104e+02
7.396313605518836312e+02
7.396336992465766116e+02
7.396339876270247942e+02
7.396352474291672934e+02
7.396415874285131622e+02
7.396417173291985137e+02
7.396526622482260791e+02
7.396547583490694251e+02
7.396562467162435723e+02
7.396562467162435723e+02
7.396564347567330060e+02
7.396586506805989529e+02
7.396587575712770786e+02
7.396600712292347453e+02
7.396608324067966578e+02
7.396619738157769461e+02
7.396655913678498564e+02
7.396694019120855046e+02
7.396707605628826059e+02
7.396709750693920569e+02
7.396710687999503762e+02
7.396718382604703947e+02
7.396730650800135436e+02
7.396748999093055090e+02
7.396748999093055090e+02
7.396752991173035525e+02
7.396752991173035525e+02
7.396766084137871076e+02
7.396786227601872952e+02
7.396786227601872952e+02
7.396791724630509179e+02
7.396816508162106629e+02
7.396830684480049740e+02
7.396909990522236740e+02
7.396930628773925491e+02
7.396933301369542733e+02
7.396941376163852055e+02
7.397047476073214511e+02
7.397066522167151561e+02
7.397076164336289139e+02
7.397120279178340070e+02
7.397120279178340070e+02
7.397169656540502274e+02
7.397181157411818049e+02
7.397204786512800183e+02
7.397211030845894584e+02
7.397231424440965384e+02
7.397231424440965384e+02
7.397278769860826060e+02
7.397291352276715770e+02
7.397326510195917990e+02
7.397345747935667077e+02
7.397367281810069244e+02
7.397385864299694731e+02
7.397425346920753100e+02
7.397443156056774569e+02
7.397471164932784404e+02
7.397539047618040513e+02
7.397540379260154850e+02
7.397544941023410274e+02
7.397544941023410274e+02
7.397573477530397668e+02
7.397573477530397668e+02
7.397614679500063630e+02
7.397614898490504629e+02
7.397624712753349741e+02
7.397693704704919355e+02
7.397699425183059248e+02
7.397742109344867458e+02
7.397742693154998506e+02
7.397750073493997434e+02
7.397750625213601552e+02
7.397752843763341843e+02
7.397762613813622465e+02
7.397772662365766791e+02
7.397773796221010798e+02
7.397816937111622337e+02
7.397816937111622337e+02
7.397819677239721159e+02
7.397838650418846100e+02
7.397884049133118651e+02
7.397903793496890330e+02
7.397924009977658670e+02
7.397959607694175475e+02
7.397964585128215731e+02
7.398014016635929693e+02
7.398030290897690975e+02
7.398059632158086742e+02
7.398064308678935959e+02
7.398064308678935959e+02
7.398091032383582615e+02
7.398094704565356778e+02
7.398094704565356778e+02
7.398115631596433559e+02
7.398120914780549811e+02
7.398150083106382908e+02
7.398150083106382908e+02
7.398165055687522909e+02
7.398175471471546416e+02
7.398175471471546416e+02
7.398293014861631036e+02
7.398302155417983386e+02
7.398310624200281609e+02
7.398330553921629189e+02
7.398330553921629189e+02
7.398357374431319613e+02
7.398359128460656393e+02
7.398365439057258754e+02
7.398368295682265625e+02
7.398444847347922178e+02
7.398458159756066834e+02
7.398458159756066834e+02
7.398511636135434628e+02
7.398516694740018238e+02
7.398530562885498512e+02
7.398530562885498512e+02
7.398552732307747419e+02
7.398552795510018996e+02
7.398597014325139298e+02
7.398599161667561930e+02
7.398600053926040800e+02
7.398601111731662741e+02
7.398601111731662741e+02
7.398627338232176953e+02
7.398634152553529475e+02
7.398637976684203750e+02
7.398682836026898713e+02
7.398682836026898713e+02
7.398702146582676278e+02
7.398735066646734140e+02
7.398772202968725651e+02
7.398792262201118319e+02
7.398792262201118319e+02
7.398864287043505783e+02
7.398882049904784708e+02
7.398913655391971815e+02
7.398929537182355034e+02
7.398937770948068646e+02
7.398943483757246895e+02
7.398962217753515915e+02
7.398971144883039415e+02
7.398971243542455341e+02
7.399007397300805451e+02
7.399007397300805451e+02
7.399040039251680128e+02
7.399040039251680128e+02
7.399048612222327392e+02
7.399057375437251949e+02
7.399071665555785557e+02
7.399127945659205352e+02
7.399133426260758597e+02
7.399141590712450807e+02
7.399145260917644009e+02
7.399147098941319882e+02
7.399202720347694822e+02
7.399234942610140706e+02
7.399266022635237050e+02
7.399304458741921735e+02
7.399344930734949912e+02
7.399394328092663500e+02
7.399400000744673207e+02
7.399418235402698656e+02
7.399492367600367970e+02
7.399492367600367970e+02
7.399492938106848214e+02
7.399518191124334408e+02
7.399527987656066443e+02
7.399578866724212958e+02
7.399578866724212958e+02
7.399603738610786650e+02
7.399603738610786650e+02
7.399615992659288395e+02
7.399627590460817146e+02
7.399667356378698742e+02
7.399696250291812021e+02
7.399704134882763356e+02
7.399704134882763356e+02
7.399754288794886179e+02
7.399770098719586713e+02
7.399809233769872208e+02
7.399842420550796760e+02
7.399851907084779441e+02
7.399851907084779441e+02
7.399866113172795394e+02
7.399871894094168283e+02
7.399885570039119784e+02
7.399887995045770595e+02
7.399890749478445287e+02
7.399890749478445287e+02
7.399903898282665295e+02
7.399909787740804177e+02
7.399981921070485669e+02
7.399981921070485669e+02
7.400003817233499603e+02
7.400008521175800524e+02
7.400095812732491822e+02
7.400095812732491822e+02
7.400137691576767338e+02
7.400137691576767338e+02
7.400156502149975495e+02
7.400185920409747951e+02
7.400190258525996114e+02
7.400195476540669688e+02
7.400197046580143478e+02
7.400213166008031749e+02
7.400230770338858974e+02
7.400235540499677427e+02
7.400270557748507372e+02
7.400270557748507372e+02
7.400278079470659804e+02
7.400300628043407869e+02
7.400301183912821443e+02
7.400308250695725292e+02
7.400308250695725292e+02
7.400321513387672212e+02
7.400347441515660876e+02
7.400360856713448356e+02
7.400385546142093744e+02
7.400414280799010385e+02
7.400425401861023147e+02
7.400427421879220446e+02
7.400436252396904138e+02
7.400453256996374876e+02
7.400453256996374876e+02
7.400470854768010440e+02
7.400528551778135125e+02
7.400570052887979955e+02
7.400571324122320220e+02
7.400575306667118411e+02
7.400575306667118411e+02
7.400581795418656839e+02
7.400629597806918127e+02
7.400696324091354654e+02
7.400713844767363980e+02
7.400746285891606249e+02
7.400746285891606249e+02
7.400756165334609022e+02
7.400835594114450942e+02
7.400855456872727700e+02
7.400871897323150961e+02
7.400871897323150961e+02
7.400879958039041639e+02
7.400890612373519843e+02
7.400890612373519843e+02
7.400912793080041183e+02
7.400918883744903951e+02
7.400921528011128885e+02
7.400935879767145025e+02
7.400939399908309042e+02
7.400948401664512630e+02
7.400952342818823126e+02
7.400952342818823126e+02
7.400953804742366628e+02
7.400954398485455386e+02
7.400954398485455386e+02
7.400961594535530139e+02
7.401008955064700103e+02
7.401044366964410983e+02
7.401090014238862977e+02
7.401153707279802347e+02
7.401233797584465037e+02
7.401238729053022780e+02
7.401239728579158736e+02
7.401273559122895449e+02
7.401273910654277870e+02
7.401281592956071336e+02
7.401302950863786236e+02
7.401302950863786236e+02
7.401309729845588663e+02
7.401352316812651679e+02
7.401401776057761026e+02
7.401447252664659118e+02
7.401461060186727536e+02
7.401489026569042835e+02
7.401493881905038279e+02
7.401493881905038279e+02
7.401517868806355409e+02
7.401517868806355409e+02
7.401518665009805318e+02
7.401549040472070828e+02
7.401580720255705046e+02
7.401616376461248592e+02
7.401616376461248592e+02
7.401655587461980303e+02
7.401662665381389843e+02
7.401680872398743531e+02
7.401687714733616303e+02
7.401687714733616303e+02
7.401704634263231810e+02
7.401711352745148815e+02
7.401737281476488306e+02
7.401758247348928990e+02
7.401758247348928990e+02
7.401769469555441674e+02
7.401790486344876854e+02
7.401823835860318468e+02
7.401823835860318468e+02
7.401832522324028787e+02
7.401877565997211832e+02
7.401886692608572957e+02
7.401896414492640588e+02
7.401981352842943807e+02
7.401981352842943807e+02
7.401993161759146460e+02
7.401997168337132962e+02
7.402010657686221293e+02
7.402058123838139636e+02
7.402108933452365136e+02
7.402112938375196336e+02
7.402136404064216322e+02
7.402153899655512532e+02
7.402187001595275433e+02
7.402201903680120267e+02
7.402201903680120267e+02
7.402213815286456793e+02
7.402259671253329998e+02
7.402259671253329998e+02
7.402290727405605821e+02
7.402290727405605821e+02
7.402305482939837020e+02
7.402306685639833859e+02
7.402308135601518870e+02
7.402327799470533591e+02
7.402342932251704042e+02
7.402342932251704042e+02
7.402361049341992612e+02
7.402361049341992612e+02
7.402363302398642873e+02
7.402363302398642873e+02
7.402393483838328621e+02
7.402394208199057175e+02
7.402394208199057175e+02
7.402418168046132223e+02
7.402425780930157089e+02
7.402458480054145866e+02
7.402458480054145866e+02
7.402493152120083550e+02
7.402502416678513555e+02
7.402520115278366575e+02
7.402520115278366575e+02
7.402530912822675191e+02
7.402565336824616224e+02
7.402565336824616224e+02
7.402573842105961148e+02
7.402573842105961148e+02
7.402579156279369954e+02
7.402579156279369954e+02
7.402601133680252588e+02
7.402601133680252588e+02
7.402606907295941028e+02
7.402621868611597620e+02
7.402623803703270369e+02
7.402623803703270369e+02
7.402628582918199527e+02
7.402628582918199527e+02
7.402661449884440117e+02
7.402690692889178763e+02
7.402718577455659670e+02
7.402751458696702684e+02
7.402757854022706852e+02
7.402768900675905570e+02
7.402768900675905570e+02
7.402827747515935926e+02
7.402827747515935926e+02
7.402847924907622428e+02
7.402858935561876024e+02
7.402860500767988015e+02
7.402911031611338331e+02
7.402911031611338331e+02
7.402950017041314368e+02
7.402954674429407760e+02
7.402956762256869752e+02
7.402962041575899548e+02
7.402962041575899548e+02
7.402976706013647572e+02
7.402990709330744039e+02
7.402993702998660410e+02
7.402993702998660410e+02
7.402999535173713639e+02
7.402999535173713639e+02
7.403031510373058381e+02
7.403031510373058381e+02
7.403053213943501305e+02
7.403062743813510451e+02
7.403069452148040455e+02
7.403069452148040455e+02
7.403086299463726618e+02
7.403086299463726618e+02
7.403092980757768373e+02
7.403094720213346136e+02
7.403104900885182360e+02
7.403114927628436135e+02
7.403114927628436135e+02
7.403134977449155940e+02
7.403136139494824874e+02
7.403150707585010650e+02
7.403151264863818142e+02
7.403158166887382095e+02
7.403158166887382095e+02
7.403207360072749452e+02
7.403225564104537852e+02
7.403225564104537852e+02
7.403246737326770699e+02
7.403260638465865213e+02
7.403291152206578545e+02
7.403314788801886834e+02
7.403315013120449066e+02
7.403315013120449066e+02
7.403320812319619790e+02
7.403348269319963038e+02
7.403356264114227088e+02
7.403378251209613836e+02
7.403407333911786736e+02
7.403419435012559688e+02
7.403427061290709617e+02
7.403446828889101425e+02
7.403460855689390883e+02
7.403493651388307626e+02
7.403525802718919522e+02
7.403595592674201953e+02
7.403606905037810293e+02
7.403626703192448986e+02
7.403643840701463432e+02
7.403675304259376162e+02
7.403684660189799160e+02
7.403699016698784590e+02
7.403713191412026617e+02
7.403766589881182654e+02
7.403772394715375640e+02
7.403837871906957844e+02
7.403839060758501773e+02
7.403845058782533215e+02
7.403845058782533215e+02
7.403868073477800635e+02
7.403868305055591463e+02
7.403868604985398179e+02
7.403877201664842005e+02
7.403883073379421376e+02
7.403883073379421376e+02
7.403963296773358707e+02
7.403975608968919460e+02
7.404006714803275599e+02
7.404016733409000608e+02
7.404024900681206418e+02
7.404061234301756258e+02
7.404073713960459600e+02
7.404089038536245653e+02
7.404089794494116177e+02
7.404089794494116177e+02
7.404096801591160784e+02
7.404123206107656188e+02
7.404133560168855865e+02
7.404146861755572218e+02
7.404158494486205200e+02
7.404159862428570023e+02
7.404165909292221386e+02
7.404165909292221386e+02
7.404173771437790492e+02
7.404197638342271830e+02
7.404197638342271830e+02
7.404204543836210632e+02
7.404208735833378796e+02
7.404230431902761893e+02
7.404236968831335162e+02
7.404236968831335162e+02
7.404240538607573399e+02
7.404264336774449475e+02
7.404267593133635046e+02
7.404287343241154531e+02
7.404290276813950413e+02
7.404303067737293986e+02
7.404303067737293986e+02
7.404334596839238429e+02
7.404344101570553676e+02
7.404344101570553676e+02
7.404350571311058502e+02
7.404358524611892562e+02
7.404365825342277958e+02
7.404365825342277958e+02
7.404372884912561403e+02
7.404392335737535404e+02
7.404437620285797266e+02
7.404461883417025092e+02
7.404491726055390473e+02
7.404497108940678345e+02
7.404499721415172644e+02
7.404503962130970649e+02
7.404503962130970649e+02
7.404504690820605219e+02
7.404504690820605219e+02
7.404523132807313459e+02
7.404523734292309882e+02
7.404525647668689317e+02
7.404531984827730184e+02
7.404531984827730184e+02
7.404535097514727795e+02
7.404581286676210539e+02
7.404586285462947899e+02
7.404597180557929050e+02
7.404598541280482777e+02
7.404620025137365928e+02
7.404628662984146104e+02
7.404644397839314252e+02
7.404681134628571044e+02
7.404681134628571044e+02
7.404702308761955010e+02
7.404704535880973708e+02
7.404706903863868774e+02
7.404706903863868774e+02
7.404715245808288273e+02
7.404725535705197217e+02
7.404734585297247804e+02
7.404744171978580880e+02
7.404755334701832226e+02
7.404755334701832226e+02
7.404783410019467738e+02
7.404786896388602599e+02
7.404793313129034686e+02
7.404793313129034686e+02
7.404798408907251996e+02
7.404813801209296571e+02
7.404825621395667667e+02
7.404850125564030350e+02
7.404850125564030350e+02
7.404864915152120375e+02
7.404878552468153430e+02
7.404885161570801984e+02
7.404907545487749303e+02
7.404913180712870826e+02
7.404924602454956357e+02
7.404926152158230934e+02
7.404938597171468473e+02
7.404940517874993020e+02
7.404944821083411171e+02
7.404944821083411171e+02
7.404953800098314787e+02
7.404974314422952375e+02
7.404974314422952375e+02
7.404995619696358062e+02
7.404996116900956622e+02
7.404999241923960653e+02
7.405013163728397103e+02
7.405018303507549717e+02
7.405020373288900828e+02
7.405020373288900828e+02
7.405022885430125825e+02
7.405029214408646112e+02
7.405037396355005512e+02
7.405044285901808507e+02
7.405068840784238091e+02
7.405077539043735442e+02
7.405098596704668807e+02
7.405105620682069230e+02
7.405112135398837836e+02
7.405117832348072398e+02
7.405120741338835160e+02
7.405120839630470755e+02
7.405132264120702530e+02
7.405133894352971993e+02
7.405135989095239211e+02
7.405141902088466850e+02
7.405160777736231239e+02
7.405170313405526485e+02
7.405177547902400192e+02
7.405183767042786940e+02
7.405194938707367101e+02
7.405195399877937916e+02
7.405195399877937916e+02
7.405203323469967245e+02
7.405203323469967245e+02
7.405208820920613562e+02
7.405214973219366357e+02
7.405220288672906008e+02
7.405225593507852864e+02
7.405244485927975120e+02
7.405259305650639590e+02
7.405264266776730437e+02
7.405272146436076355e+02
7.405277027160431089e+02
7.405312312092296452e+02
7.405318497508702649e+02
7.405323760849917107e+02
7.405323760849917107e+02
7.405325884855358254e+02
7.405332105902383546e+02
7.405337107456281274e+02
7.405342378127860457e+02
7.405348353199516396e+02
7.405362385025341609e+02
7.405364003616236914e+02
7.405364844446503412e+02
7.405377445660178637e+02
7.405384615497725918e+02
7.405401217493050581e+02
7.405415850801608713e+02
7.405451221662392527e+02
7.405452634660048261e+02
7.405467555508793112e+02
7.405470577835340009e+02
7.405473626964292180e+02
7.405493035279778269e+02
7.405497284231881849e+02
7.405500447628967322e+02
7.405508406870228555e+02
7.405531761133518103e+02
7.405538775638884772e+02
7.405539423501356850e+02
7.405574129976173481e+02
7.405591428606986710e+02
7.405611943586134203e+02
7.405618585757252959e+02
7.405622768889309100e+02
7.405647874912240241e+02
7.405657473557832873e+02
7.405667628943135696e+02
7.405674311812937276e+02
7.405694151028601482e+02
7.405704295819007257e+02
7.405709658468410908e+02
7.405716478534706084e+02
7.405720370893925519e+02
7.405726355247840047e+02
7.405729940948452850e+02
7.405735843425152325e+02
7.405742296576681838e+02
7.405749553149454414e+02
7.405754196647085337e+02
7.405754196647085337e+02
7.405771081226209844e+02
7.405771081226209844e+02
7.405783336202041482e+02
7.405784362282166740e+02
7.405825152515817535e+02
7.405840495491987667e+02
7.405840495491987667e+02
7.405899102405026042e+02
7.405925922895116855e+02
7.405934616986276069e+02
7.405940083850824749e+02
7.405975887231595607e+02
7.405993983432833829e+02
7.405994185554479827e+02
7.406014427942531029e+02
7.406027012617510081e+02
7.406030466531228740e+02
7.406033249978402182e+02
7.406038500699532960e+02
7.406064855881334097e+02
7.406065950745368127e+02
7.406067920594746283e+02
7.406084824665070983e+02
7.406086561618501491e+02
7.406094485908317893e+02
7.406105478151429224e+02
7.406106759896663334e+02
7.406106759896663334e+02
7.406110103246168137e+02
7.406112960946977637e+02
7.406113781364625765e+02
7.406127788977613591e+02
7.406130830990894083e+02
7.406145256502956045e+02
7.406151099559607474e+02
7.406164867936939800e+02
7.406170449709967443e+02
7.406176205433140467e+02
7.406184557606513863e+02
7.406193803931552111e+02
7.406195687574504518e+02
7.406206981622060539e+02
7.406217305471757300e+02
7.406248744384843121e+02
7.406257839211804139e+02
7.406281455257237667e+02
7.406287122736296169e+02
7.406324089061871518e+02
7.406343686859588615e+02
7.406354640788550796e+02
7.406369625885262167e+02
7.406375380821349381e+02
7.406383121505411964e+02
7.406402456855880700e+02
7.406435624296871083e+02
7.406435624296871083e+02
7.406445536553812872e+02
7.406453206703437218e+02
7.406465988510143461e+02
7.406468277177132222e+02
7.406499287635842848e+02
7.406499718462096098e+02
7.406514015523789567e+02
7.406515244913969127e+02
7.406536113478774723e+02
7.406558829731188780e+02
7.406560752143889204e+02
7.406570098800468713e+02
7.406593557133991226e+02
7.406605287559250428e+02
7.406622807139060569e+02
7.406636004717884134e+02
7.406638341234969403e+02
7.406665309735519713e+02
7.406668112277010323e+02
7.406674531801910462e+02
7.406674587214664598e+02
7.406675214990431186e+02
7.406682842429046332e+02
7.406684432865655481e+02
7.406701801295045016e+02
7.406713786075316648e+02
7.406714283551267499e+02
7.406717582663648045e+02
7.406727023019470835e+02
7.406732154899133320e+02
7.406736823137151760e+02
7.406747748323848555e+02
7.407855776717100298e+02
7.410607758988429623e+02
7.407414480651221993e+02
7.407155853707475899e+02
7.407844000634669328e+02
7.409597862138361961e+02
7.410095451992815470e+02
7.409944616670148889e+02
7.410158354717060547e+02
7.410158354717060547e+02
7.408737487446228442e+02
7.409514266871009340e+02
7.408834616871747585e+02
7.410453032751211140e+02
7.410453032751211140e+02
7.410652238903411444e+02
7.410652238903411444e+02
7.411439329634853266e+02
7.411439329634853266e+02
7.410019842910309080e+02
7.408893932496321213e+02
7.408128990383002019e+02
7.409535034502262079e+02
7.409535034502262079e+02
7.411183112057302651e+02
7.410118517035897412e+02
7.407543434380653480e+02
7.409575815270289922e+02
7.407559704413124564e+02
7.407287739297078133e+02
7.409472833539754220e+02
7.408497151769029188e+02
7.408242215503016723e+02
7.409994763982725772e+02
7.408887028299842541e+02
7.406982504599621961e+02
7.406815880777626262e+02
7.407032826548978619e+02
7.409413046941074299e+02
7.406792793158564336e+02
7.408496747067849810e+02
7.408496747067849810e+02
7.407315317902330207e+02
7.407737096522358797e+02
7.412401916279137595e+02
7.412401916279137595e+02
7.411267285952204702e+02
7.411267285952204702e+02
7.409574673539644891e+02
7.409574673539644891e+02
7.411089949951903009e+02
7.411089949951903009e+02
7.411977246864711333e+02
7.411977246864711333e+02
7.410329552073167179e+02
7.410329552073167179e+02
7.409962024807547323e+02
7.409962024807547323e+02
7.408512690409071411e+02
7.413951914097453937e+02
7.413951914097453937e+02
7.408598752315185720e+02
7.409658018396527268e+02
7.411272728288204235e+02
7.410276103843136752e+02
7.413049130381731402e+02
7.413049130381731402e+02
7.412203801951714013e+02
7.408285811351812526e+02
7.410540202915507280e+02
7.410540202915507280e+02
7.408169202923138528e+02
7.412227176037757772e+02
7.409483311794206202e+02
7.409483311794206202e+02
7.408481119208934160e+02
7.410162067630626552e+02
7.408176573377144223e+02
7.407646656298149992e+02
7.410229711565750677e+02
7.410229711565750677e+02
7.412267367941036582e+02
7.411273914832030414e+02
7.407240055820695943e+02
7.408143596628465275e+02
7.408231766085179970e+02
7.409059678882595108e+02
7.413038276641672155e+02
7.413038276641672155e+02
7.408218631376145140e+02
7.407294230246918687e+02
7.407686925822978310e+02
7.408332745741965937e+02
7.411640793614681115e+02
7.407820197913133597e+02
7.409539234707173136e+02
7.408373442635097490e+02
7.411598285289649084e+02
7.411598285289649084e+02
7.407135949489320410e+02
7.406767819031732643e+02
7.407976941037877623e+02
7.409543160331031686e+02
7.409498967574650123e+02
7.413456453018992534e+02
7.413456453018992534e+02
7.407867859111720463e+02
7.406851679064737937e+02
7.409852890781803580e+02
7.409852890781803580e+02
7.409612317979859881e+02
7.409612317979859881e+02
7.406927671516212968e+02
7.407662348929076188e+02
7.407460179089320036e+02
7.409470537667904182e+02
7.409470537667904182e+02
7.411658672935950563e+02
7.407239044103251899e+02
7.410965221176653586e+02
7.410965221176653586e+02
7.412535639927397142e+02
7.412535639927397142e+02
7.409567854217249305e+02
7.411192776356648437e+02
7.410398033234603190e+02
7.409680540708428680e+02
7.411485287732384677e+02
7.407519957290387538e+02
7.407519957290387538e+02
7.408263504874881846e+02
7.412262355891655261e+02
7.412262355891655261e+02
7.407368661838470416e+02
7.407196915242027444e+02
7.408930367537591337e+02
7.408395250845077271e+02
7.407578448841213685e+02
7.412177716113409360e+02
7.412177716113409360e+02
7.408452528333336886e+02
7.412456428641111188e+02
7.412456428641111188e+02
7.408877937399895472e+02
7.409621039117312193e+02
7.410698423306025688e+02
7.410698423306025688e+02
7.408511475376766384e+02
7.409691161663781713e+02
7.409691161663781713e+02
7.410472014206414997e+02
7.409693730175758901e+02
7.409951972462719141e+02
7.411067758306703581e+02
7.411067758306703581e+02
7.412720298589590584e+02
7.412720298589590584e+02
7.410364393953339004e+02
7.410467160213172519e+02
7.410467160213172519e+02
7.412635845748035308e+02
7.407471196839044296e+02
7.408463414494476638e+02
7.408463414494476638e+02
7.408206240953538781e+02
7.407616245967287796e+02
7.409457770388266908e+02
7.414216125167633891e+02
7.414216125167633891e+02
7.410034505351609369e+02
7.411771308162435616e+02
7.411771308162435616e+02
7.407704247342437611e+02
7.407587699571494113e+02
7.408891528133610791e+02
7.409385349780052366e+02
7.412834237636870967e+02
7.412834237636870967e+02
7.408159493982618642e+02
7.410215474652923149e+02
7.412117165831410830e+02
7.412117165831410830e+02
7.406800200801602614e+02
7.413391822100694526e+02
7.413391822100694526e+02
7.407767790310177816e+02
7.407752118290850376e+02
7.414133007908594664e+02
7.414133007908594664e+02
7.408106012876396562e+02
7.408141710319226831e+02
7.409027853907386998e+02
7.409030929239612533e+02
7.409030929239612533e+02
7.409559238101745677e+02
7.411538394638801037e+02
7.411981678413045529e+02
7.411981678413045529e+02
7.406805187487619833e+02
7.408941408678861080e+02
7.407383040770438356e+02
7.410317381883957069e+02
7.411102526873515899e+02
7.407495474399725026e+02
7.413451279219783601e+02
7.413451279219783601e+02
7.412539785193357602e+02
7.412539785193357602e+02
7.408869178848965475e+02
7.410304790375495259e+02
7.410304790375495259e+02
7.411041467128234217e+02
7.411041467128234217e+02
7.407764151751009649e+02
7.412573976642873959e+02
7.412573976642873959e+02
7.414050132580074433e+02
7.414050132580074433e+02
7.408594985298421989e+02
7.411584785829605835e+02
7.406829776180030649e+02
7.412654191103672474e+02
7.412654191103672474e+02
7.408185339300093801e+02
7.410732781833062290e+02
7.409664080253988914e+02
7.411305780160548693e+02
7.411305780160548693e+02
7.408637749071344842e+02
7.406865561523331962e+02
7.408027640578955015e+02
7.412276477027477313e+02
7.412276477027477313e+02
7.411317711737081027e+02
7.411317711737081027e+02
7.409652235616041480e+02
7.409652235616041480e+02
7.410646973344488515e+02
7.411314675542188297e+02
7.407979178556061015e+02
7.409948810673149637e+02
7.410647442420256539e+02
7.408034339459163675e+02
7.413009573015730211e+02
7.413009573015730211e+02
7.409373078420105685e+02
7.409373078420105685e+02
7.409681382077703802e+02
7.409681382077703802e+02
7.407908376868068672e+02
7.407908376868068672e+02
7.407160906634032926e+02
7.408979112490230818e+02
7.411455378658286008e+02
7.411455378658286008e+02
7.407205655066028385e+02
7.407991688090461366e+02
7.410642705210840404e+02
7.410642705210840404e+02
7.414211023759183945e+02
7.414211023759183945e+02
7.408373648357513730e+02
7.408373648357513730e+02
7.409359274973674019e+02
7.407427964570745189e+02
7.407901492935936858e+02
7.411221648423567103e+02
7.411221648423567103e+02
7.412835141566185939e+02
7.412835141566185939e+02
7.408970553227444498e+02
7.412153128031192182e+02
7.412153128031192182e+02
7.410731946366139482e+02
7.413813195965019531e+02
7.413813195965019531e+02
7.407982275948761526e+02
7.410494889856100826e+02
7.410494889856100826e+02
7.409930515700287970e+02
7.409930515700287970e+02
7.409359043991269118e+02
7.408053660532948470e+02
7.411381582498532907e+02
7.407291833583133212e+02
7.408140758891573796e+02
7.408500887761200602e+02
7.408612033806415411e+02
7.408612033806415411e+02
7.408888760160747324e+02
7.408888760160747324e+02
7.409405892718647237e+02
7.409508898292465346e+02
7.409508898292465346e+02
7.408996295323024697e+02
7.409363394113235017e+02
7.409363394113235017e+02
7.408181782500753343e+02
7.409205076690258238e+02
7.409205076690258238e+02
7.413933262852598318e+02
7.413933262852598318e+02
7.406927394173657149e+02
7.412553974710347120e+02
7.412553974710347120e+02
7.413260276418867534e+02
7.409349902934477541e+02
7.411039645526188906e+02
7.412193062904177623e+02
7.412193062904177623e+02
7.407306022553000275e+02
7.410326046503619182e+02
7.410326046503619182e+02
7.411834885164995512e+02
7.411834885164995512e+02
7.407215272418475251e+02
7.411813796884867998e+02
7.411709516444806241e+02
7.411709516444806241e+02
7.409906931560320800e+02
7.409906931560320800e+02
7.407888407983307388e+02
7.406969642500167765e+02
7.407533594183238392e+02
7.413615760635208289e+02
7.409666589668719325e+02
7.411847699461904995e+02
7.411847699461904995e+02
7.410989172068782409e+02
7.409316045174745113e+02
7.409316045174745113e+02
7.407866102810203301e+02
7.407841837868179482e+02
7.407841837868179482e+02
7.409479961323863790e+02
7.408523217902920805e+02
7.407008871603065927e+02
7.412860774006088604e+02
7.412860774006088604e+02
7.412617906399059393e+02
7.412617906399059393e+02
7.411798449966240696e+02
7.411798449966240696e+02
7.411317538540070018e+02
7.411357482945217043e+02
7.411357482945217043e+02
7.408869520628225018e+02
7.412722490102951269e+02
7.412722490102951269e+02
7.412256436297249138e+02
7.412256436297249138e+02
7.411552074116441418e+02
7.411552074116441418e+02
7.409012817852827766e+02
7.409012817852827766e+02
7.411118181101227265e+02
7.411118181101227265e+02
7.410632432044878897e+02
7.410632432044878897e+02
7.412424669772026391e+02
7.409047803075045522e+02
7.407291077580623551e+02
7.410419794675245839e+02
7.411688130520443565e+02
7.408930060493186147e+02
7.412361181489907267e+02
7.412361181489907267e+02
7.411756497726092903e+02
7.411756497726092903e+02
7.407807835063279072e+02
7.408835378117209984e+02
7.408364688728029250e+02
7.412213051277825571e+02
7.412978122944739425e+02
7.412978122944739425e+02
7.411927554233127466e+02
7.412873083107598404e+02
7.412873083107598404e+02
7.409445498668966366e+02
7.408264375022612285e+02
7.408264375022612285e+02
7.407522416528997837e+02
7.411179914760010661e+02
7.412608612163143107e+02
7.412608612163143107e+02
7.410069172951549490e+02
7.406885276086718477e+02
7.409164526650459948e+02
7.408956818824367474e+02
7.409875954866097345e+02
7.413269570797634742e+02
7.413269570797634742e+02
7.411171028520868731e+02
7.409042131087848020e+02
7.408532531675916744e+02
7.406981128926144038e+02
7.413649782049290025e+02
7.413649782049290025e+02
7.410487150679684873e+02
7.407182747353288050e+02
7.409727324949030844e+02
7.410526846268056715e+02
7.410526846268056715e+02
7.411036534752416856e+02
7.411036534752416856e+02
7.409827848051577348e+02
7.409827848051577348e+02
7.408172713571963186e+02
7.408172713571963186e+02
7.408493243573093423e+02
7.407874585782875556e+02
7.410854392248039630e+02
7.410854392248039630e+02
7.409030469030896029e+02
7.408503699969588752e+02
7.408503699969588752e+02
7.410423462944556832e+02
7.410423462944556832e+02
7.414140576687179873e+02
7.414140576687179873e+02
7.410125093121886266e+02
7.410125093121886266e+02
7.409090903186395280e+02
7.409123723267069863e+02
7.409344347650670670e+02
7.409344347650670670e+02
7.413365101350026407e+02
7.413365101350026407e+02
7.407980819867726723e+02
7.408656830613105058e+02
7.412360934348213277e+02
7.412360934348213277e+02
7.411435268418604210e+02
7.412668519603553250e+02
7.412668519603553250e+02
7.407923656222055797e+02
7.410090848732529594e+02
7.408931893294362681e+02
7.412121336323513106e+02
7.408484788295307908e+02
7.410373177837604999e+02
7.410384633753031949e+02
7.413042544738830202e+02
7.413042544738830202e+02
7.409852072534314402e+02
7.408243827547523779e+02
7.407606538631592912e+02
7.410732128555498548e+02
7.408851565740266096e+02
7.408851565740266096e+02
7.412304378309611366e+02
7.412304378309611366e+02
7.408981262237253986e+02
7.408981262237253986e+02
7.412740566366552457e+02
7.412740566366552457e+02
7.408912143306637290e+02
7.413569336248360742e+02
7.413569336248360742e+02
7.408627582339103128e+02
7.408627582339103128e+02
7.413137819344336776e+02
7.413137819344336776e+02
7.409793484127947067e+02
7.411165794496542958e+02
7.406960758802638338e+02
7.407383475060939872e+02
7.407320101539010011e+02
7.413771597794216177e+02
7.413771597794216177e+02
7.409158600054026920e+02
7.407272169883354991e+02
7.412153527986805557e+02
7.407930702916884229e+02
7.413378383105205103e+02
7.407715334059041652e+02
7.411248585225135912e+02
7.407369839633894344e+02
7.411610682514634618e+02
7.411610682514634618e+02
7.407274431065972067e+02
7.407365857240631613e+02
7.409936844552416915e+02
7.409936844552416915e+02
7.408172795837313060e+02
7.406903234383896688e+02
7.411237364896152258e+02
7.411237364896152258e+02
7.408771651937947809e+02
7.411306869766103773e+02
7.408778662374537589e+02
7.413655724438148127e+02
7.413655724438148127e+02
7.407043861404981726e+02
7.409174481869659985e+02
7.407103767105496672e+02
7.407684859099797450e+02
7.407087564237401693e+02
7.411717109942489969e+02
7.407252845166435691e+02
7.413065116489899538e+02
7.413065116489899538e+02
7.410058413445887027e+02
7.409436701946148105e+02
7.408774295572792425e+02
7.409645380134209063e+02
7.409840789464724367e+02
7.409840789464724367e+02
7.411810289815692840e+02
7.411810289815692840e+02
7.410179531435985609e+02
7.410179531435985609e+02
7.407388772625606634e+02
7.409813703234167406e+02
7.407362531208653991e+02
7.408499920620006378e+02
7.410881547859977445e+02
7.410881547859977445e+02
7.407669428219472820e+02
7.408036324194721374e+02
7.411704563941852939e+02
7.410979356020892510e+02
7.410647468785101637e+02
7.410266021147141373e+02
7.407621354002641283e+02
7.409592766033695170e+02
7.411514582169635332e+02
7.409901203242527572e+02
7.409648360522502344e+02
7.412382457778653588e+02
7.412382457778653588e+02
7.411801574644820221e+02
7.411801574644820221e+02
7.411256304330852345e+02
7.408406665918222416e+02
7.413256342458015524e+02
7.411980004879015951e+02
7.409691791645601597e+02
7.407927984569610089e+02
7.408485192276525595e+02
7.410456451475284894e+02
7.410456451475284894e+02
7.410322321529639567e+02
7.409743222720868516e+02
7.407235910136566872e+02
7.407332690367236410e+02
7.410731726831352262e+02
7.410731726831352262e+02
7.407340424901258302e+02
7.412597707907256108e+02
7.412597707907256108e+02
7.412088870197953838e+02
7.412088870197953838e+02
7.409736583820414353e+02
7.407289515298691640e+02
7.406863369019777110e+02
7.410183200888703823e+02
7.408444249450162715e+02
7.408444249450162715e+02
7.409116349028671493e+02
7.407441285224571175e+02
7.406847567269453521e+02
7.410970862379318760e+02
7.410970862379318760e+02
7.411996698374782682e+02
7.411996698374782682e+02
7.408276281615883363e+02
7.407737149447555112e+02
7.407609489231870157e+02
7.408231909718880388e+02
7.409176463711070255e+02
7.408584620954210322e+02
7.408128073019258863e+02
7.411466505490351437e+02
7.411466505490351437e+02
7.407789807851700061e+02
7.408859524449779883e+02
7.409116087863282019e+02
7.409116087863282019e+02
7.407183032619435608e+02
7.410509990525713420e+02
7.407724851191819653e+02
7.411947566805712313e+02
7.411947566805712313e+02
7.409943589400185147e+02
7.407582342544095582e+02
7.407843183830486851e+02
7.407843183830486851e+02
7.407389013080170344e+02
7.407812967517672860e+02
7.412768257940198282e+02
7.412768257940198282e+02
7.413604546286367167e+02
7.413604546286367167e+02
7.407040538246816368e+02
7.408498342383688851e+02
7.409554835435292262e+02
7.409018686819316599e+02
7.407302418055442104e+02
7.409973583730102291e+02
7.409973583730102291e+02
7.409009973427992009e+02
7.409009973427992009e+02
7.408134748154805038e+02
7.407677152527904809e+02
7.413878667081551157e+02
7.413878667081551157e+02
7.407297211328029789e+02
7.412746591275764558e+02
7.412746591275764558e+02
7.412790966529505567e+02
7.412790966529505567e+02
7.411287538896611977e+02
7.411287538896611977e+02
7.407134549384162483e+02
7.412197701004296277e+02
7.412197701004296277e+02
7.411198906892884679e+02
7.408207623242541331e+02
7.409883823710501929e+02
7.408712140812993994e+02
7.408712140812993994e+02
7.411317831392087783e+02
7.407611444176790201e+02
7.408765358502301979e+02
7.406905892326000185e+02
7.408011779549553921e+02
7.412600071885535726e+02
7.412600071885535726e+02
7.409216516564908943e+02
7.409807064340027409e+02
7.409807064340027409e+02
7.410819746580257288e+02
7.409969740854340898e+02
7.411201521160659240e+02
7.408029445145173213e+02
7.406986522063158418e+02
7.410673965737832987e+02
7.407603732320085328e+02
7.411332331834380511e+02
7.411332331834380511e+02
7.411533205603807346e+02
7.411533205603807346e+02
7.408369384658699346e+02
7.407681457889253807e+02
7.413853122476921271e+02
7.413853122476921271e+02
7.406893554247093334e+02
7.407286256270319882e+02
7.409033978602208208e+02
7.407772790445359306e+02
7.410401356101396004e+02
7.410029481882982054e+02
7.410029481882982054e+02
7.410363784484300140e+02
7.409346304347552632e+02
7.411936552977825841e+02
7.411936552977825841e+02
7.408151134815861951e+02
7.408151134815861951e+02
7.410635937195663701e+02
7.406868625798193762e+02
7.407972620065944511e+02
7.409279125826683412e+02
